200 1000
1 15 24 30 36 44 45 49 54 77 92 93 94 96 136 137 138 152 161 162 178 194 198
6 7 10 14 17 21 25 42 48 51 62 67 74 75 85 93 96 100 110 114 115 116 120 126 140 151 164 172 176 182 184 185 189 193 197
9 12 17 19 44 51 52 76 84 88 91 96 101 104 108 109 114 128 130 133 135 156 164 184 188 189 191 192 195 198
8 11 16 27 31 35 49 60 79 81 94 97 105 132 139 140 143 149 150 153 167 175 178 183 192 193 196 198
8 9 13 15 19 20 31 37 45 46 58 59 65 67 71 73 77 81 84 87 94 102 104 107 112 130 135 141 158 176 178 184 186 187 200
2 8 11 25 29 32 66 68 71 73 75 76 87 89 93 99 103 106 107 113 127 128 148 177 179 183 185 191
4 29 43 75 82 102 108 115 120 128 133 137 147 153 154 156 158 181 183
7 14 45 66 78 89 100 105 113 129 136 144 165 169 181 189
5 8 12 34 38 42 49 51 54 75 81 83 97 109 116 118 125 128 142 143 147 149 154 158 165 173 180 188 190
45 60 91 96 139 142 145 171 177 186
5 9 10 11 12 15 37 41 52 69 73 90 93 102 121 124 146 169 172 175 179 182 188 192
4 14 19 25 27 28 30 31 38 41 44 51 52 55 56 62 70 72 89 91 98 99 115 116 121 129 143 145 150 158 178 182
3 18 72 95 97 104 120 148 160 169 198
13 20 34 46 57 63 68 117 122 169 184
3 7 9 12 14 15 18 22 42 54 62 80 83 91 94 95 99 105 106 111 112 129 139 147 150 155 168 172 184
22 30 33 35 46 60 63 69 86 88 99 103 116 120 121 139 140 141 149 159 163 165 177
16 21 24 31 40 50 81 82 85 87 88 95 99 110 116 124 145 147 161 163 168 175 185 192 198 200
6 11 17 25 30 34 47 72 76 98 138 148 181 193 198
5 11 39 50 69 76 80 101 103 106 109 170 185
4 11 23 33 46 55 61 62 68 96 97 102 118 121 124 127 130 132 134 136 138 139 151 152 158 163 167 169 171 182 185 187 190
11 38 42 59 61 62 66 79 120 125 149 158 164
5 7 16 26 29 47 49 75 77 78 80 82 84 85 86 91 96 99 138 183 187
36 41 42 44 65 67 79 84 93 104 105 108 112 113 117 119 126 133 134 142 160 169 180 197
26 28 31 61 103 112 113 116 139 150 153 174 175 176 192
2 12 17 18 19 20 22 24 27 40 42 45 50 55 58 78 85 89 99 109 110 115 116 117 118 122 138 165 167 168 170 176 184 200
7 9 10 45 54 65 75 92 105 113 116 120 127 136 153 156 167 170 172 183 185
9 12 21 32 42 46 53 64 91 110 112 113 114 123 146 150 158 168 170 173 185 198
18 25 27 39 42 50 93 110 111 118 122 134 175 182 195
30 47 57 79 100 113 124 126 160 162 164 165 166 186
22 25 29 36 42 43 56 60 70 72 113 138 141 143 145 176 183 198 200
10 43 53 62 81 88 120 123 146 155 187 188 190 199
4 5 27 32 41 64 75 81 84 87 89 111 121 130 134 161 165 166 169 182 193 200
3 5 20 28 32 36 42 44 49 55 56 68 79 85 89 92 96 97 100 105 107 114 116 118 134 145 147 148 151 153 178
7 15 25 27 33 36 39 46 52 58 64 81 86 99 104 105 108 112 123 126 129 130 134 147 158 167 170 172 177 178 181 182 193 195 199
26 50 54 73 93 103 127 155 173 178 183
2 6 25 28 58 64 68 97 104 110 113 120 128 144 165 192
2 15 20 31 42 47 49 58 62 74 87 95 96 134 135 143 157 164 182 185 197
1 7 8 22 30 31 50 58 63 64 67 68 69 75 81 87 88 104 125 127 131 136 144 147 153 157 158 160 161 165 189
1 20 24 26 28 30 54 60 68 77 88 89 95 101 103 118 120 122 131 141 142 144 151 153 164 167 179 186 187 188 190 198
2 4 20 21 22 44 48 53 57 62 63 67 68 75 95 99 103 116 138 140 144 145 148 175 177 183 189 196
1 4 6 8 12 22 46 78 81 91 97 103 105 113 114 117 118 120 125 145 151 157 170 174 179 191 195
3 5 13 29 33 36 56 57 63 65 68 89 102 112 114 117 121 138 159 171 180 190
3 8 12 15 19 22 31 39 40 41 45 54 65 66 72 89 92 109 121 144 148 155 161 165 169 181 184 188 190 197 198
1 18 31 32 42 43 55 66 69 72 73 79 85 87 116 121 124 126 129 136 144 149 160 168 179 185 188
13 39 42 46 47 48 58 63 74 76 79 84 88 95 97 105 116 123 128 137 139 140 148 150 153 159 161 163 170 175 177 181 185 187 194
11 15 33 42 54 55 59 62 71 97 109 130 131 132 137 152 153 156 164 165 167 168 175 178 192 194
17 28 41 44 45 49 53 57 75 79 105 109 120 122 142 144 146 148 170 176 183 193
1 16 21 26 36 39 93 102 124 138 141 175 188 191
29 35 41 46 48 51 53 63 64 68 73 77 96 107 108 113 118 124 135 136 137 140 141 142 144 150 159 175 186 189 193
22 31 36 44 71 87 91 96 105 120 121 129 147 165 176 179 185 195
14 20 22 27 59 71 92 101 112 121 143 147 149 164 185 191 195
23 33 38 61 67 100 109 117 118 122 130 135 142 152 153 182 188
2 24 28 43 49 56 74 78 80 87 88 110 119 120 123 133 147 154 156 170 186 197
31 45 46 53 72 94 100 115 118 124 125 133 136 143 149 158 169 170 172 177 182 185 195 197
30 90 110 124 127 133 136 142 170 173 187 188 197
2 11 25 31 35 47 62 75 87 92 94 96 108 109 111 115 118 122 125 130 149 151 157 164 175 176
23 31 35 39 46 57 60 74 75 91 99 125 131 135 136 149 156 169 172 179 185 190 191
22 32 41 49 54 66 96 100 102 118 121 126 132 133 140 142 167 174 175 190 200
14 23 32 36 48 53 56 64 65 70 74 76 86 88 99 121 157 165 170 200
26 33 47 69 78 79 83 90 119 126 127 136 142 147 154 161 169 170 173
7 44 46 60 75 76 80 84 86 88 93 94 96 111 117 124 135 138 143 149 152 160 162 169 172 174 175 176 182 190 191 195 197 200
3 6 10 12 16 23 24 28 34 39 44 46 58 71 90 105 106 107 116 125 127 130 141 150 153 159 160 162 174 175 179 189
4 25 28 30 35 37 43 47 62 74 75 85 88 90 99 102 130 149 152 154 157 167 181 185 187 192 193 195 198
16 18 23 30 37 38 41 45 54 56 63 67 72 73 77 90 95 96 106 114 124 140 142 148 165 174 178 187
3 5 8 15 18 22 37 56 62 75 87 90 99 107 109 110 113 120 136 137 138 139 140 145 149 150 156 166 173 175 177 180 192
23 44 49 52 56 58 63 66 95 98 101 107 113 119 122 124 125 129 151 167
30 34 40 46 69 97 100 105 110 112 113 127 136 142 144 158 168 169 175
3 5 13 37 54 64 71 77 79 88 92 96 97 105 107 115 117 124 135 136 140 146 151 163 165 187 189
4 17 26 29 30 40 57 66 72 80 91 92 102 111 114 121 128 137 140 146 158 168 170 172 183 192
13 16 47 60 79 84 88 98 103 107 108 123 140 173
11 13 18 22 23 27 30 41 43 44 47 49 53 56 65 67 72 98 99 100 101 103 113 121 128 131 149 161 169 176 191 195 199 200
4 11 15 18 28 43 45 48 50 54 68 70 74 77 80 82 95 106 109 114 136 137 139 147 152 158 173 175 200
1 14 20 27 32 49 59 60 99 139 140 162 164 170 186 188
31 42 44 46 69 107 110 114 121 136 163 164 183 197
1 3 19 25 26 27 42 45 93 94 102 111 120 127 134 135 150 152 153 157 168 179 183 187 197
15 27 45 57 68 78 126 134 137 165 172 189 193 196
16 23 26 29 34 35 40 42 48 53 63 72 74 76 81 86 88 96 111 112 118 134 151 165 167 168 170 171 177 190 200
9 16 22 28 60 61 66 72 74 79 95 113 123 125 126 150 178 188 198 199
20 40 45 47 74 85 91 93 102 117 121 122 123 124 127 169 171 173 174 185 192 198
2 4 17 18 20 21 57 78 83 86 93 100 101 105 106 107 108 116 121 130 136 140 149 153 157 168 170
23 42 72 78 81 82 105 119 140 155 156 162 166 198
109 112 139 143 147 168 183 185 188 192 196
6 16 19 22 35 39 49 81 83 86 87 140 145 152 170 183
4 6 8 9 11 15 26 28 33 37 53 66 73 74 77 78 81 92 99 108 114 117 122 126 135 145 150 175 179 187 188 196
5 11 17 46 47 48 50 52 53 59 62 69 74 79 82 83 99 105 107 113 148 153 163 181 182 192
8 17 18 30 41 47 50 57 60 71 74 81 104 114 117 123 125 128 136 137 148 149 150 152 153 159 175 187 191 195
27 28 38 56 60 65 77 78 79 81 88 90 98 113 122 126 129 130 136 137 140 142 159 160 171 173 177 185 199
20 34 44 45 54 58 60 61 70 71 73 77 90 103 113 114 123 135 142 143 145 154 163 181
12 42 66 73 84 90 92 93 97 100 101 126 131 134 137 165 171 180 198 199
56 64 80 83 95 101 116 121 125 135 137 150 184 195
10 14 34 43 47 56 58 68 73 78 82 92 98 99 104 107 113 122 136 155 176 190 192 195 196
4 9 14 29 33 36 42 43 51 53 58 63 72 78 85 89 92 93 97 101 102 107 109 118 131 143 147 155 158 163 168 176 182 193
17 23 26 36 39 63 76 102 114 116 118 125 132 157 163 171 176
10 12 14 17 27 32 38 43 59 61 62 66 67 69 72 75 76 77 83 90 93 95 102 103 120 127 133 134 151 160 169 175 188 195
8 14 69 93 95 131 142 162 172 186
10 27 28 31 32 43 48 49 85 95 98 107 110 111 114 126 131 132 155 165 168 175 184 186 188 190 194
2 15 20 23 33 37 43 64 85 86 90 91 103 105 108 123 125 126 129 141 143 156 163 164 169 173 180 182 184 190 198 200
26 28 29 33 45 50 52 55 58 65 66 67 69 86 88 91 92 101 123 128 134 138 139 154 167 170 178 187 192 196
1 4 16 17 22 38 39 58 74 79 109 114 125 128 146 189 191
10 12 18 24 25 34 40 51 52 55 59 61 70 75 84 92 95 107 116 124 126 162 164 168 171 172 174 175 183 186 193 197 198 199
14 30 37 44 53 64 73 85 86 96 111 124 126 152 161 168 200
6 8 16 31 48 59 75 76 78 82 87 108 124 135 136 158 161 172 174 189 191 194 199
2 5 11 19 20 32 50 53 59 68 87 99 102 116 120 124 126 130 138 145 146 165 168 169 170 179 186
28 36 37 38 46 53 62 73 83 85 90 93 96 100 107 114 115 125 140 145 157 158 164 165 178 183 185 188 192 197
8 9 21 39 63 68 72 78 81 90 120 121 124 132 141 152 155 163 174 175 181 191 192 193 195
4 6 7 8 15 17 18 26 30 49 54 74 76 79 94 103 106 109 120 139 156 163 179 190 196
39 45 49 51 59 63 68 75 78 84 86 90 97 114 131 155 157 163 170 174 188 190
2 4 14 17 20 29 30 35 37 46 50 57 64 65 73 77 78 79 83 84 88 101 112 118 123 146 148 154 167 176 180 184 189
10 23 53 64 65 82 101 116 121 129 154 170 183 198
6 38 42 47 48 49 60 68 73 94 98 103 114 115 125 141 146 149 176 182
6 12 15 20 21 32 43 58 69 72 96 108 109 110 111 118 124 126 130 134 141 145 151 154 165 173 190 191 196
3 12 14 21 27 34 36 40 44 60 84 89 103 109 114 122 127 131 146 148 153 154 169 171 178 189 200
5 11 12 14 22 25 28 45 58 59 60 68 80 91 92 93 105 108 120 128 131 133 138 139 151 159 160 168 170 174 183 184 192 195 199
6 20 24 38 42 48 52 64 69 103 107 110 132 135 140 152 166 176 178 179 183 184 196
3 6 18 27 31 38 40 47 53 60 62 78 82 103 116 120 125 127 130 132 138 155 161 162 163 167 172 174 176 191 198
12 48 58 65 72 94 103 130 161 181 189 190 196 198
2 5 70 72 78 85 92 94 104 129 157 175 180
2 6 8 9 25 30 42 46 82 101 117 128 136 148 162 199
4 6 13 22 31 41 45 47 49 64 70 74 80 83 88 91 96 110 111 126 128 131 132 134 138 146 150 159 162 168 173 195
2 7 13 29 35 44 47 52 53 66 69 74 75 96 97 102 106 115 116 117 127 129 137 143 154 157 159 167 168 189 191 194 199 200
21 28 60 71 78 91 123 136 145 164 177
9 21 50 51 56 79 90 100 137 143 157 188
3 4 6 10 20 37 39 43 47 48 57 59 60 72 76 85 95 97 98 102 107 113 125 141 143 147 150 152 158 170 178 182 183 195
6 12 13 18 22 25 40 69 81 99 103 112 123 144 145 146 180 190 198
4 18 28 33 43 68 72 74 75 101 105 108 118 135 141 142 144 158 159 173 186 190 192
3 12 16 19 22 25 27 28 38 42 46 53 54 59 73 77 80 84 85 86 92 101 119 121 122 129 130 132 145 154 192 193 195
3 9 12 13 19 28 38 45 50 53 73 75 84 91 95 104 126 127 131 143 184 194 195
10 27 28 45 46 60 67 69 71 75 77 87 113 118 120 121 122 129 131 134 135 138 140 145 146 153 155 157 162 176 180 181 188 193 199
15 18 28 62 69 80 96 100 103 104 109 125 130 148 149 154 170 171 173 188 196
8 9 25 26 29 41 42 47 53 64 65 67 72 74 85 98 117 131 136 143 147 156 157 166 168 181 184 185 189 192 196
6 65 85 115 137 152 174 184 185 195
4 14 28 33 34 36 44 64 87 103 114 124 127 130 142 143 162 174 178 187 193
2 4 12 16 23 35 52 96 99 109 120 123 132 153 161 166 187
4 11 34 61 67 83 85 103 113 124 133 136 152 174 181 185 194 199
4 9 11 18 26 29 37 40 45 47 62 64 66 91 92 100 109 111 115 125 147 161 164 175 180 183 185 200
3 7 9 11 14 16 36 56 65 76 92 111 137 145 159 171 175 190 198
1 3 9 30 41 47 50 55 56 77 79 89 92 97 99 143 146 162 191
3 9 15 25 39 51 58 65 91 92 94 112 116 118 124 128 133 146 148 149 157 161 172 174 176 186 191 195
17 33 53 63 68 97 105 115 123 130 158 170 193
2 3 4 14 24 30 33 46 52 54 58 64 66 69 70 94 98 104 111 116 117 119 132 133 141 145 150 153 154 165 166 170 192 193 198
32 55 66 108 111 113 120 128 177 192 200
6 13 22 59 70 83 111 126 173 193
5 6 28 31 46 47 48 52 61 75 76 82 94 105 107 108 109 110 117 119 120 125 126 132 134 142 145 152 160 180 185 199
12 19 23 27 31 33 39 49 50 64 70 72 73 76 77 84 100 115 116 126 128 129 134 139 144 146 149 154 164 173 175 179 199
15 28 35 43 47 54 63 64 66 70 72 84 91 92 99 105 107 119 123 134 137 138 140 162 164 165 168 180 183 185 186 188 191
12 15 18 22 29 41 42 60 68 69 70 81 106 126 131 137 141 143 153 156 161 167 171 183 188 194 195
6 22 31 33 40 43 44 47 52 56 58 69 81 87 90 102 104 105 110 119 122 130 142 156 159 160 169 174 178 180 189
15 24 26 55 59 62 69 76 82 85 88 91 92 98 100 108 110 119 122 127 134 138 155 160 166 169 174 183 187 191
68 71 93 96 124 126 136 155 170 178 195
13 16 18 27 34 39 40 49 50 60 82 86 91 94 101 102 103 128 132 137 146 147 152 193 195
4 56 57 61 71 91 107 122 165 175
1 8 9 12 13 16 17 20 26 33 35 54 57 75 88 94 105 112 123 127 130 135 145 149 158 170 181 183 185 189 193
7 8 13 21 34 50 56 70 72 78 80 87 104 110 113 114 126 130 139 142 158 159 160 163 172
8 20 34 50 53 59 70 74 90 95 97 100 103 104 113 122 133 135 141 147 153 174
3 29 36 53 55 57 61 71 76 79 94 96 118 126 136 144 162 174
2 6 11 29 32 48 52 64 65 69 76 79 87 91 97 100 111 112 121 141 148 151 165 170 184 191
2 3 39 42 47 51 54 59 71 86 101 105 124 132 142 159 164 176 180
3 8 14 20 29 31 46 51 56 59 64 65 68 80 88 93 113 123 125 143 148 152 156 158 160 162 166 169 179 186 190 191 200
7 46 74 93 95 118 129 130 142 144 164 181 182 188
8 16 22 73 76 92 115 123 126 132 145 149 156 178 183 186
9 10 12 18 22 32 43 45 47 50 59 69 74 82 85 91 94 99 102 117 118 124 133 135 137 145 146 148 155 166 169 171 180 181
2 50 63 67 80 92 93 108 129 136 155 161 165 175 178 180 187 188
2 6 7 23 27 29 30 32 35 47 52 63 84 87 88 90 115 128 132 134 141 153 163 164 187 189 197
39 46 81 84 92 98 146 148 151 181 190
20 56 84 101 105 122 130 134 160 178 188 189 191
6 25 32 52 63 67 77 80 111 118 132 141 152 174 176
4 7 14 25 28 33 47 50 51 52 55 56 70 86 87 104 145 156 172 174 178 194 200
6 17 19 26 27 30 43 45 47 95 109 131 139 142 149 153 155 161 169 177
15 16 24 27 29 35 45 47 53 56 60 66 84 96 101 113 114 126 135 139 147 148 153 154 156 158 164 180 198
3 7 21 37 56 64 69 75 92 96 98 108 116 117 128 129 145 155 165 169 179 195
1 6 9 21 25 26 31 36 39 53 54 59 71 72 74 81 96 97 108 110 117 125 133 134 143 150 162 163 180 188 195 196
2 8 11 27 32 35 37 46 50 58 59 60 62 71 82 94 113 121 129 138 146 149 155 157 159 161 174 178 183 189 193 194 196
11 32 48 52 58 60 77 82 90 104 105 116 124 135 147 172 178 179 187
5 29 40 41 46 50 58 59 65 66 70 72 99 108 112 120 123 168 179 182 200
32 38 41 49 62 82 108 125 135 152 155 156 171
1 30 43 44 48 52 55 62 64 65 71 73 87 93 95 123 126 127 128 129 131 134 137 156 171 173 176 177 180 181 189 190 199
36 41 60 65 66 114 127 135 140 151 165 191
28 53 56 57 58 105 120 122 126 128 164 168 174 187 191
29 43 45 83 116 118 122 129 144 146 150 158 179 180 181 185 197
9 26 43 60 65 67 70 79 112 134 169 193
41 51 70 83 84 117 159 174 179 183 185
3 10 79 100 107 108 124 128 150 170 193
14 23 45 52 55 58 61 72 88 90 94 110 115 117 137 144 150 152 154 157 161 166 172 190 192 193 196
14 20 24 30 32 40 60 106 154 172 180 187 199
16 17 28 32 46 64 72 80 87 101 119 125 129 138 146 148 151 173 176 190 196
4 15 21 22 32 47 49 61 64 68 73 75 82 85 86 88 123 126 131 135 139 147 148 153 157 164 184 189
1 3 13 17 21 47 49 56 59 81 95 99 101 103 104 107 126 130 131 139 150 158 171 180 187 188 197
10 11 12 20 28 37 41 44 47 56 57 62 63 65 67 72 78 82 85 111 113 114 127 137 139 161 162 171 181 186 188 191 194
9 30 54 55 58 129 155 163 165 195
10 11 19 24 26 32 36 42 54 68 72 75 83 88 97 107 108 109 111 112 119 128 132 140 187 188 192
3 17 25 32 33 44 49 62 82 86 104 116 120 123 131 147 161 162 165 184 185 189 191
24 26 48 49 50 54 144 145 165 189
1 3 31 45 49 60 65 67 72 90 103 105 110 111 117 124 125 127 170 174 176 191 200
17 21 40 82 83 91 133 149 153 156 165 196 199
3 7 8 19 27 28 31 33 37 42 44 51 54 72 76 86 91 113 118 124 129 140 143 152 157 161 163 171 182 187 192 196
2 11 32 39 40 42 45 48 51 57 84 88 94 97 102 104 105 107 117 123 124 125 126 127 130 141 155 161 162 171 182 185 189 195
6 8 11 17 27 41 45 46 49 53 56 68 75 81 98 140 142 159 177 181 185 193 194 199
45 51 66 75 87 106 115 119 132 133 134 148 159 176 188 190 197
34 42 43 73 78 79 95 97 105 120 121 128 142 144 154 160 172 176 177 178 179 184 195 198
15 24 29 34 38 46 56 65 75 101 102 109 134 137 152 162 164 171 175 186 188 192
8 26 31 33 52 74 105 112 119 148 155 172 174 190
8 17 29 37 39 50 62 65 88 89 110 118 144 158 160 163 171 200
3 11 24 46 56 69 83 97 98 120 127 130 131 138 143 148 174 199
8 19 30 33 37 40 52 62 63 68 85 92 102 110 126 134 153 163 174 180 190
4 13 15 19 21 26 30 34 55 56 57 60 71 78 86 103 110 112 114 116 121 123 130 131 134 136 141 170 172 188 191 195
2 9 32 36 42 50 122 133 155 176 197
2 62 93 107 108 121 147 155 158 168 189 195
19 24 30 39 48 49 60 73 74 78 79 90 99 105 119 127 129 136 137 140 147 153 158 161 168 197
44 48 51 54 58 64 65 78 86 99 100 103 106 121 128 131 141 162 164 177 195
15 23 24 31 49 59 63 68 80 86 90 108 113 141 155 161 200
8 14 16 21 117 118 128 140 142 149 157 163 164 187 191 193 200
1 3 11 13 20 32 37 38 49 58 63 65 67 76 78 97 106 116 125 129 135 141 149 151 160 162 167 172 183
5 25 26 36 45 47 51 53 55 63 68 69 75 77 86 88 94 95 96 104 118 127 131 139 149 156 168 169 171 176 182
11 46 73 79 118 129 153 157 160 163 171 179 189
13 23 25 34 47 67 73 89 90 99 102 103 129 131 133 147 164
9 16 35 55 80 93 96 102 108 130 131 135 139 152 178 183 190
22 23 48 78 91 97 101 103 112 144 146 188 193
1 2 5 30 43 44 48 59 69 70 71 73 77 82 90 92 104 106 115 117 120 123 139 144 161 163 165 183 191
24 36 45 63 69 73 90 96 185 200
3 34 48 50 54 75 84 108 138 141 165 176 184
1 8 9 15 30 33 34 41 52 55 57 68 69 71 74 91 104 114 117 122 123 129 131 137 138 139 144 153 158 169 184 185 198 200
3 18 37 41 46 52 56 57 62 70 96 97 98 117 119 121 127 134 161 165 166 167 192
4 9 18 19 23 35 37 48 51 53 59 61 62 64 71 80 100 104 105 121 133 138 144 153 154 158 162 169 171 182 186 189 191 198
14 23 41 51 76 82 103 132 138 171 172 178 196
7 9 23 27 59 64 104 111 117 144 153 159
3 10 11 16 19 22 33 35 37 42 54 55 63 70 72 73 78 95 96 99 107 110 111 132 150 153 162 165 167 179 183 193 194
28 40 49 90 92 93 98 109 147 157
7 9 14 20 35 38 42 44 47 63 64 70 75 95 96 97 107 109 129 142 146 155 156 167 169 177 179 183 192
2 4 20 22 35 59 64 69 91 92 95 112 126 130 139 150 177 198
6 21 23 31 36 40 42 50 59 67 75 78 80 87 93 94 102 109 123 141 156 163 164 167 169 170 179 182 185 192 199
9 19 31 37 41 64 65 66 69 78 82 92 101 104 106 109 117 121 122 131 133 142 152 154 158 159 166 167 179 184 188
4 11 20 23 31 32 46 47 74 95 98 114 136 144 173 178 181
15 19 23 29 35 36 45 46 48 49 51 57 72 75 78 82 94 95 98 108 110 116 123 129 136 137 142 143 152 155 158 169 175
16 20 22 56 65 67 69 73 112 128 129 141 157 169 171 190 191 200
2 5 13 16 17 22 24 45 60 61 93 94 97 98 103 107 108 110 112 123 131 133 142 150 161 166 183 189 197 198
4 6 16 18 37 125 148 153 155 195 196
2 9 15 26 33 56 59 61 63 71 78 79 82 84 85 90 97 101 113 129 135 149 156 161 164 172 175 177 179 181 185 189
3 15 23 34 42 47 53 54 57 71 75 80 90 95 96 99 105 108 112 123 153 158 179 189 192
2 3 22 24 33 35 51 60 69 83 96 106 108 109 115 120 135 153 154 155 160 164 176 181 187 190 192 196 200
9 10 21 26 54 63 71 88 112 149 182 192 197
2 4 5 21 23 32 33 35 43 46 54 69 76 81 95 110 134 159 183 186 195 197
7 8 12 28 37 41 47 49 60 63 67 69 78 82 104 122 123 132 140 141 151 172 182
7 19 26 32 36 38 44 45 47 50 68 71 77 91 95 97 99 122 129 134 142 153 154 182 196 197
8 23 60 73 83 115 134 138 151 158 167 175 181 188 194 198
3 4 5 18 34 35 43 47 64 67 71 93 95 103 110 113 119 127 133 139 146 147 154 171 172 183 186 187 190 200
4 23 25 33 34 36 38 44 58 72 78 99 107 110 120 145 151 152 153 180 182 186
8 20 22 27 30 35 61 62 67 68 78 84 98 106 111 125 127 144 145 153 172 173 181 183 188 199 200
13 19 28 29 30 43 58 73 87 89 106 118 122 129 130 135 152 155 159 162 164 172 179 180 195
12 21 33 68 80 105 112 116 167 168 179 190 195
2 9 20 27 30 39 46 70 81 83 89 98 103 108 162 163 177 185
1 9 18 27 41 42 46 56 66 71 79 87 88 93 94 96 107 108 113 117 129 133 137 151 152 155 159 160 163 166 167 174 187 191 197
55 72 91 108 111 128 131 132 144 152 155 173 193 200
4 32 40 57 76 92 132 135 143 170 198
2 12 25 38 44 55 68 73 79 89 98 112 133 158 162 164 165 170 181
27 31 32 37 48 55 62 66 67 75 96 101 102 112 118 119 133 134 138 145 146 147 156 166 170 172 174 177 190 191 196 200
22 27 31 32 42 44 60 61 62 75 81 90 91 99 101 119 128 136 138 141 142 145 147 148 155 163 165 166 171 174 178 198
4 12 26 77 80 89 113 125 126 128 145 148 159 176
11 14 58 61 68 95 106 130 133 136 148 155 157 163 170 177 182 200
15 42 54 56 78 85 110 130 149 152 155 160 168 182 185 197
2 18 27 28 50 56 60 65 72 73 74 85 93 94 95 104 105 110 119 134 135 136 139 140 161 170 182 190 200
17 19 31 37 58 65 72 73 97 104 107 113 115 117 121 122 130 133 134 140 155 168 172 173 178 183 184
9 40 64 71 78 100 101 105 132 139 143 145 154 180 192 199
2 5 11 14 39 62 63 74 80 81 110 125 152 162 178 191
34 54 68 98 118 122 128 134 141 173 191
2 5 13 49 50 51 54 60 63 67 76 99 101 105 115 118 119 125 147 153 154 157 171 172 176 178 191 200
35 43 69 94 150 174 178 189 190 196
8 31 37 44 48 57 61 87 116 134 142 164 166 167 175 198
2 16 20 52 74 94 115 126 151 159 160 164 182
13 30 46 66 82 100 113 129 150 151 164 179 180
1 20 30 32 42 77 80 94 172 183 199
3 31 45 50 64 68 73 102 105 133 149 151 172 180 195
3 18 24 36 43 56 66 68 81 89 94 98 105 106 107 115 119 120 124 131 135 139 144 151 160 162 167 174 176 182 188 194 196
6 7 20 69 85 115 125 139 165 179 192 199
8 15 30 47 49 50 53 60 61 66 78 88 95 97 115 126 130 135 138 140 153 168 173 176 179 186 193
11 27 40 41 51 70 73 91 94 98 100 122 145 160 163 164 174
4 7 8 11 12 17 20 23 31 40 46 51 55 73 74 76 81 88 96 100 105 110 116 129 133 139 149 151 153 154 157 184 200
19 21 23 32 40 44 54 57 65 82 84 101 102 105 109 113 116 127 133 139 148 159 162 165 180 186 188 193 194 200
9 10 35 47 53 56 62 63 65 71 72 73 77 79 80 81 84 99 101 113 133 136 137 141 143 146 148 153 155 160 163 164 170 189 190
1 5 10 11 15 17 21 22 37 44 49 53 58 60 71 73 75 76 101 105 112 116 120 122 127 143 167 172 180 181 188 198
13 41 69 88 89 97 111 117 122 134 167 173 184 197
13 20 21 24 31 49 67 70 83 84 85 87 94 100 105 107 109 110 112 118 119 121 129 130 137 139 141 142 145 154 155 179 187 198
9 22 24 46 55 68 72 90 99 109 113 114 117 123 125 126 137 145 151 156 166 178
5 13 21 43 48 51 62 65 70 73 74 76 88 91 96 109 111 114 115 129 136 137 152 156 180 188
4 11 13 23 28 31 32 37 40 49 55 58 64 69 71 72 78 79 83 84 92 98 100 102 126 135 143 145 147 149 155 163 178 188 189
28 39 44 57 61 76 81 99 101 107 111 113 117 141 143 153 156 161 166 168 172 174 179 180 184 189 197 198 200
2 16 17 35 43 57 65 72 77 78 82 86 91 95 110 112 134 136 147 152 154 157 165 167 172 178 181 185 188 200
20 24 36 41 46 51 53 57 60 72 82 83 87 94 96 100 114 122 141 142 154 165 171 174 183
3 8 11 38 40 96 103 110 117 119 122 123 126 132 140 147 148 152 169
5 22 39 42 45 67 70 78 107 110 132 140 185 190
6 10 16 31 34 40 45 46 90 98 105 106 107 108 129 132 146 149 152 153 155 172 175 182 186 187 192 197 198
8 11 22 26 32 34 42 76 77 83 85 97 107 108 116 137 155 161 165 196
17 21 24 28 34 40 41 45 52 80 89 91 106 108 118 119 121 140 142 145 159 163 166 168 173 177 179 182 185 195 197
5 16 23 32 41 57 69 82 98 120 129 141 152 159 163 167 197
22 26 28 30 37 41 43 45 53 55 72 86 99 100 102 115 121 124 129 142 146 160 178 189 194 196 198
2 17 20 43 49 58 59 64 72 77 105 109 114 120 134 142 143 144 162 163 165 173 182 185 195
15 17 23 28 36 43 44 50 52 62 77 81 87 88 89 110 111 113 114 126 146 149 150 159 163 165 166 169 177 180 189 192 197
8 11 40 71 101 113 116 174 179 180 187 195
6 8 11 18 23 26 27 32 33 49 50 53 61 66 72 75 82 89 90 101 104 109 110 121 124 129 131 139 143 156 159 160 164 168 175
17 92 101 114 127 131 149 163 167 174 176 192 194 199
9 13 18 19 24 32 34 36 37 38 45 51 61 66 67 68 102 104 109 120 125 154 157 160 170 172 175 176 179 181 184 193 194 195
6 8 11 13 24 29 30 69 99 100 108 109 119 134 152 162 164 167 174 177 184 185 189 191 193 196 200
2 12 27 37 52 54 55 59 63 81 93 96 102 108 120 121 123 126 127 131 144 149 153 157 162 182 184 194
15 18 19 23 25 28 31 34 38 39 40 88 111 114 118 161 187 188 191 193
2 8 44 46 84 122 130 138 149 170 180 186
34 44 50 53 65 73 76 82 109 130 136 143 165 174 190
9 17 20 24 49 53 54 56 63 66 67 72 74 83 87 92 93 100 101 102 114 141 147 149 163 166 171 174 179 183 188 189 194 195
2 22 48 73 90 94 95 122 133 137 146 176 181 195 196 198
1 12 14 31 34 41 56 64 75 79 101 179 192 198
1 19 29 34 39 49 54 57 63 67 69 74 75 80 87 97 111 112 113 118 120 139 143 148 149 150 155 168 169 174 176 191 192 199
3 18 24 27 56 87 117 153 164 172 174
20 21 33 38 44 58 63 74 95 97 109 115 131 134 142 149 156 179 187 189
8 17 21 33 58 67 100 104 111 119 120 121 127 137 139 145 153 154 159 163 182 184 185 186 190 191
7 8 10 13 15 26 27 30 60 74 79 85 88 99 130 141 150 153 159 161 162 166 171 173 178 180
10 11 16 23 25 26 40 54 66 74 75 90 91 95 102 108 113 114 117 120 136 141 144 155 159 160 168 181 188 190 197
2 7 19 23 38 43 79 83 97 104 118 133 141 165 171 174 179 180 197
4 9 12 17 27 38 39 47 49 54 57 72 76 85 89 91 96 101 108 144 145 151 155 158 172 178 181 184 185 191
12 58 63 65 131 137 146 154 158 160 166 168 174 181
3 7 25 27 29 31 47 54 66 67 68 77 93 95 99 100 101 111 116 136 138 139 140 143 144 151 159 170 174 196 197
6 15 18 21 28 30 32 40 42 47 54 57 58 62 72 75 91 98 101 112 121 125 127 129 147 152 159 161 162 163 168 183 186
2 7 10 12 21 22 34 36 57 62 71 73 75 85 88 105 121 124 126 129 132 167 168 170 178 182 183 184 191
1 11 20 21 23 49 54 60 62 65 74 76 84 99 108 110 127 143 149 184
7 9 11 14 15 43 51 83 89 116 130 136 151 154 161 166 181
6 7 20 31 36 41 46 47 65 71 83 90 98 99 101 107 109 119 122 133 134 136 146 160 164 183 189 190 191 192 197 198
2 8 10 16 24 25 27 45 53 58 59 61 85 86 90 97 104 118 143 145 147 152 164 167 169 172 178 180
1 6 9 17 25 32 38 47 61 69 76 78 82 88 93 101 110 115 124 140 142 143 146 150 152 154 178 180 190
6 9 21 31 57 74 93 106 112 114 132 135 139 146 154 156 161 168 170
16 20 33 42 48 58 69 74 76 78 80 89 92 93 95 104 110 115 120 121 126 128 136 140 152 154 173 179 189 194 198
7 13 18 22 29 43 45 55 61 79 80 88 89 92 100 101 103 105 108 115 130 136 138 147 148 151 156 167 178 182 183 192 198
12 15 18 27 33 41 46 47 54 62 76 94 106 118 133 142 159 162 176 178 194
4 7 16 29 31 56 88 107 113 129 153 155 181 189 197 199
24 32 33 40 46 51 62 68 77 82 89 90 92 102 124 133 135 138 139 142 152 153 158 169 170 172 194
21 22 28 54 57 75 79 87 96 100 102 103 126 135 139 156 160 178 181
7 16 19 22 28 34 39 40 43 56 62 67 70 77 84 85 105 125 128 132 141 147 151 152 155 156 160 166 171 177 180 182 194 198
7 10 11 21 27 29 30 34 37 41 50 51 52 55 61 66 78 83 86 102 120 124 130 135 138 148 149 153 167 169 172 182 184 189 200
1 3 9 10 14 22 31 38 43 53 66 70 77 81 85 115 126 153 163 169 171 195 196
2 3 16 25 35 39 40 48 75 77 78 84 96 101 103 109 125 138 167 175 178 188 191 196 200
1 12 32 34 41 45 49 51 55 56 63 73 74 88 109 117 119 131 132 133 135 136 141 150 155 156 164 179 181 182 188 189 193 194 196
10 12 49 90 100 101 112 114 140 152 153 162 174 178 182
7 14 20 27 38 70 89 91 96 156 179 187
5 10 29 41 47 48 53 54 71 77 79 89 94 105 118 119 121 124 129 136 137 140 148 150 151 152 153 158 161 164 173 185 186 190 196
12 16 36 37 62 66 72 117 130 137 138 140 144 162 166 171 186 187 189
3 7 10 13 14 16 22 58 60 79 86 89 99 116 118 120 139 146 157 165 171 173 183 197
3 9 12 18 27 32 58 60 61 63 71 73 77 81 90 93 98 101 102 104 123 132 144 146 148 152 155 156 157 164 177 180
2 8 14 17 25 29 46 47 53 58 59 62 67 82 90 97 99 111 112 113 114 115 122 123 137 156 173 174 183 198
6 11 38 50 51 54 63 74 91 101 104 110 123 126 133 141 147 149 150 155 156 166 183 197
11 12 15 18 20 46 55 62 67 71 74 78 84 85 103 105 117 129 132 143 144 150 162 163 165 182 193 194
2 10 25 50 53 63 69 89 110 125 135 136 147 166 168 171 178 188 189
14 15 28 39 42 45 54 58 61 83 86 89 90 110 124 125 128 137 139 160 165 166 168 174 175 185
11 14 15 31 35 42 77 78 88 103 110 132 133 144 146 147 156 159 172 174 193
14 16 17 24 34 39 53 57 71 83 84 88 89 90 94 108 116 130 136 142 144 179 183
10 24 29 31 33 40 57 61 70 76 83 84 90 107 109 113 115 123 136 139 154 157 162 163 184 185 189 194 196
7 8 24 27 28 32 55 81 92 103 105 116 123 152 160 161 162 169 172 183 189 193 196 198
13 24 33 35 60 78 80 87 94 102 110 124 147 166 177
5 24 34 37 44 47 49 50 53 58 59 72 88 89 102 112 119 124 131 138 144 152 154 171 176 183 187 194 195 200
4 6 30 40 41 71 72 93 100 112 140 142 150 156 163 172 178 182 184 190 195 198
11 19 23 24 27 29 39 41 44 48 56 70 73 79 87 90 94 101 107 126 133 140 144 157 163 172 184 193
3 5 6 9 12 18 29 30 43 51 52 56 58 66 82 85 100 110 113 120 137 141 146 171 175 182 191 198 200
5 6 11 12 15 17 18 20 27 35 37 43 63 81 82 84 86 99 103 111 131 135 136 137 142 144 169 172 179 181 184 185 187 193 198
12 20 27 30 31 36 40 41 43 44 78 81 83 86 87 90 97 99 100 119 120 136 138 139 143 146 149 152 159 168 179 184 195 200
1 9 18 21 23 25 34 49 88 95 96 97 99 103 104 108 109 117 119 131 133 149 150 160 171 184 196 200
9 24 42 94 102 107 115 123 124 136 145 150 169 188
2 13 24 40 48 51 54 56 61 62 63 70 78 102 112 117 121 130 132 138 139 141 144 147 151 159 164 167 168 170 175 178 188 190 195
1 5 11 12 44 51 58 79 83 84 100 127 148 160 166 170 184
4 6 10 29 40 52 53 54 58 62 65 67 72 73 80 110 118 128 130 134 137 139 147 149 152 180 187 194
44 51 52 58 66 84 100 104 114 122 123 178 191 195
1 23 24 33 47 54 59 71 77 79 86 96 106 113 123 138 139 145 146 151 157 158 163 176 178 183 186 187 189 190
3 59 92 94 102 142 158 168 170 200
5 6 36 37 39 53 54 60 83 91 100 101 104 106 112 115 119 120 124 131 137 139 149 156 178 195
4 34 39 51 53 66 80 89 101 110 111 116 121 134 160 163 188 195 196
2 8 24 34 37 45 46 48 53 58 60 70 75 78 79 81 97 110 134 138 142 143 154 158 188 197
1 31 39 46 67 81 93 105 107 124 139 141 167 184 189 195
9 18 26 48 50 61 71 78 82 112 156 172
23 53 56 74 84 105 106 127 131 132 133 166 174 175 178 182 187 191 196
4 9 32 75 77 81 82 99 130 135 142 147 173 175 189 193 199
5 13 15 19 21 31 36 38 41 44 50 52 68 69 76 79 95 104 128 142 155 156 161 167 170 176 186 189 190 191
5 6 7 9 29 30 37 57 60 64 78 85 87 93 127 137 146 151 163 166 180 187 188 191 200
12 37 97 98 113 114 119 141 159 170 173 195 197 200
7 19 20 27 54 73 79 89 90 109 133 139 169 173 181 197
1 34 71 91 93 98 108 110 115 159
1 5 9 14 25 27 31 37 71 86 88 95 110 129 143 167 177 179 192
14 21 26 35 40 41 54 71 91 94 103 107 112 118 124 125 131 135 138 141 143 150 152 163 166 173 185 188 191 193 196
2 13 15 21 37 51 58 62 65 80 90 93 100 104 122 123 126 127 135 138 147 152 167 172 190 193
6 11 14 20 21 22 41 47 57 60 62 63 68 80 82 89 90 91 97 105 118 125 132 135 145 150 151 183 195
6 7 13 19 56 60 88 97 99 101 111 118 121 144 159 161 167 172 175 180 190
6 10 14 17 26 54 69 71 73 85 91 96 101 114 133 137 141 146 152 155 166 167 169 174
9 16 19 21 28 39 55 56 62 85 91 95 100 101 114 125 128 134 136 137 142 155 162 190 192
1 7 11 12 22 30 37 51 59 101 120 123 125 133 148 151 156 167 169 185 195 196
13 33 45 71 97 102 105 123 124 150 164 171 182 190
7 9 12 22 25 41 43 54 69 76 85 97 100 116 132 139 140 149 162 168 173 175 194 195 197 200
4 12 25 26 27 29 33 45 56 60 78 85 100 101 103 105 110 120 130 131 132 156 162 174 178 181 185 190
6 9 14 15 18 21 49 60 73 80 81 94 104 107 108 109 134 142 176 182 185
6 8 21 36 38 45 46 47 51 64 66 73 79 80 84 93 114 121 123 125 126 131 135 140 141 144 147 150 151 155 168 171 179 181 200
42 63 77 80 82 107 136 148 150 171
21 26 27 43 55 58 66 118 130 138 145 151
14 20 27 39 56 62 68 73 76 100 109 113 129 135 136 160 162 172 191
4 6 9 14 18 28 34 53 60 70 75 78 81 87 98 101 107 112 151 163 165 174 189 191 193
10 13 24 57 68 80 118 160 178 183 192
17 34 35 44 46 54 74 80 90 106 107 109 110 130 142 150 160 181 199
14 19 40 49 58 66 68 93 99 121 157 159 164 176 185 189
11 17 20 25 28 34 40 41 49 57 73 76 77 79 82 115 119 121 134 142 152 153 178 186 193 197
2 7 24 35 46 54 56 60 66 67 90 92 107 113 137 156 177 181 193 195 197
1 2 5 13 34 37 43 47 55 58 60 72 73 78 79 82 84 90 94 97 104 117 118 134 139 145 171 179 180 183 185 189 199
3 5 7 9 10 11 14 20 29 31 32 47 50 54 57 64 70 87 99 115 122 128 152 154 158 175 182 185 194 195 196
29 33 34 49 53 54 59 67 78 84 86 87 116 117 120 123 124 133 134 138 156 157 158 162 168 171 172 185 187 190 196 199 200
1 2 4 5 8 11 19 32 37 43 44 45 46 47 55 60 64 69 79 86 94 104 105 145 150 155 158 165 178 182 190
6 10 14 19 20 46 49 51 55 61 63 69 76 81 99 111 117 126 128 131 137 145 167 178 190 192 196
2 7 8 23 25 48 53 63 68 75 79 82 84 89 91 94 117 119 120 122 128 132 134 137 145 148 168 171 174 184 193
8 26 38 39 68 70 90 91 92 95 153 161 174
25 28 33 36 51 54 59 60 69 73 89 93 96 105 116 117 118 121 122 126 137 139 149 156 157 166 168 177 178 184 186 200
10 11 20 35 37 60 65 75 81 86 91 100 106 107 129 145 146 196 197
1 24 26 39 55 61 72 73 79 92 101 103 117 119 144 149 161 184 197
1 19 22 26 32 62 71 80 87 97 112 117 123 125 126 128 144 145 176 182 186 190 193 198
17 20 22 31 33 47 57 61 75 83 92 100 112 129 136 154 168 185
6 11 14 21 27 42 49 63 73 80 81 83 84 86 98 109 115 140 144 146 151 154 157 162 166 167 181 185 194 195 198 199
11 12 26 39 43 51 57 60 65 68 76 83 88 93 128 144 150 153 188 190 192 193 196
4 31 50 51 58 66 71 72 92 105 138 165 187 190 200
2 19 24 25 27 40 51 69 85 105 106 107 132 165 173 179 194
13 14 17 24 32 48 53 58 102 104 106 128 136 157 163 164 178
9 31 34 42 43 46 50 53 57 64 66 68 85 97 104 105 108 109 120 146 147 149 166 198
2 29 42 47 73 76 81 83 126 154 170 173 190
1 4 11 16 22 40 45 53 64 87 89 108 110 125 128 149 151 155 158 166 169 177 191 198
1 5 14 15 17 18 38 59 67 82 91 95 96 104 115 132 145 150 155 159 171 174 181 192 196 199
5 9 15 20 21 22 26 33 42 55 61 64 71 81 84 85 97 119 122 128 133 139 141 153 161 162 167 175 184 191 192 193 194 198
13 25 45 48 63 92 94 100 106 107 121 134 142 156 179 187 199
4 5 16 26 29 36 44 49 52 54 58 64 72 92 94 101 104 105 110 113 127 135 137 138 156 167 175 180 182 190
5 42 44 57 71 73 76 77 85 94 97 105 113 141 157 162 175 180 189
1 4 8 14 19 21 25 27 30 32 37 46 57 59 68 82 84 91 94 95 121 125 138 155 156 160 162 163 164 170 172 174 185 189 196
5 57 68 90 99 128 176 177 190 199
10 26 50 51 53 54 75 85 100 104 105 135 136 159 163 168 172 177
10 16 48 54 58 60 81 101 105 106 112 113 115 118 147 164 165 169 174 183 186 190
8 11 14 17 35 37 60 61 67 71 78 81 96 98 101 104 109 113 117 129 133 135 144 146 149 159 160 161 162 174 179 181 195 197
8 17 18 25 43 46 57 69 72 82 87 96 104 111 121 126 130 135 146 160 171 180 182 183 199 200
21 23 26 30 33 34 35 42 48 51 56 67 69 71 75 81 88 92 119 126 149 150 166 170 181 191 193
7 8 21 28 36 37 47 49 51 56 77 85 88 91 93 107 108 122 124 132 136 142 148 150 156 158 165 169 178 186 195
1 20 22 36 39 48 50 56 57 60 63 82 87 102 111 121 158 162 186
17 27 43 59 75 93 97 98 103 178 188
23 29 30 37 52 59 61 63 64 70 100 105 119 127 137 170 172 177 183
7 16 19 35 41 44 52 55 59 77 93 94 101 106 111 116 118 125 140 141 145 156 162 176 181 185 186 188
2 9 21 23 29 40 42 50 58 59 61 62 65 74 87 116 120 124 128 130 136 143 148 154 156 166 167 169 170 180 188
7 20 30 34 42 50 66 67 78 79 85 90 93 102 105 117 138 151 154 170 180 183 195 200
4 11 18 27 46 57 60 72 101 124 126 130 133 149 155 158 171 172
19 50 61 66 87 88 127 131 170 193
8 22 28 30 40 41 59 60 67 76 81 89 95 104 119 137 154 190
2 10 17 25 36 41 49 66 77 86 90 92 97 98 105 126 155 157 162 164 167 168
23 51 73 75 77 79 113 127 137 155
2 4 17 21 29 49 51 54 55 73 85 93 102 109 111 114 115 118 133 139 154 163 170 171 172 177
1 2 9 10 23 37 83 85 93 115 129 142 153 155 158 180 183 189 196 199
1 24 28 45 56 73 79 92 130 137 139 141 143 159 161 176 177 189 195
4 7 21 48 60 86 99 147 152 177 178
7 17 19 29 34 39 44 54 55 56 58 68 71 78 80 87 99 115 130 133 136 138 139 140 150 151 153 164 171 174 185 200
5 11 23 36 37 41 43 44 50 64 83 86 92 95 98 99 102 106 107 110 113 115 120 125 128 146 149 150 155 156 168 169 178 184 190
10 21 23 32 81 88 118 125 138 139 140 141 144 152 153 155 157 165 175 183 194
5 23 30 32 48 54 70 76 82 92 99 101 105 119 125 130 148 159 161 164 166 170 171 194
1 4 16 37 61 74 105 120 127 183
10 21 36 39 53 54 58 72 103 119 120 124 125 131 137 140 144 150 165 180 183 187
8 19 41 59 84 89 103 107 117 125 127 129 140 144 145 148 172 189 190 193
15 39 47 51 63 80 82 84 89 127 137 159 163 175 190
3 5 15 16 18 34 36 40 50 57 66 68 76 79 80 100 110 132 134 135 138 150 154 161 162 170 174 183 185 189 193
12 23 31 37 45 50 52 64 89 92 96 127 140 151 154 171 174 177 199
30 42 51 65 70 84 87 99 109 117 175 189 193 200
3 12 20 31 32 43 61 64 65 69 75 79 86 98 101 102 115 118 120 126 129 141 151 160 162 168 172 196 200
14 15 24 34 35 40 45 78 120 127 131 141 144 153 154 170 189 194
5 9 37 53 59 61 63 67 73 83 84 87 89 90 92 94 100 101 108 111 117 119 126 135 140 155 166 187 191 192 197
21 24 36 43 56 57 62 66 76 77 84 91 94 96 97 125 129 137 138 143 144 146 148 150 160 169
4 10 12 16 24 26 33 44 52 55 58 89 96 118 124 138 141 146 173 174 176 178 182 198
2 44 48 60 61 66 70 73 74 85 94 98 116 118 125 130 132 137 148 158 159 163 170 171 175 181 189 197
18 57 81 105 108 111 116 121 129 169 170 172 173 185
27 58 73 75 83 86 134 154 156 190
10 41 52 62 67 93 120 130 143 150 164 165 192
20 23 29 46 64 82 104 139 140 178
36 64 74 88 101 109 114 143 144 157 173
14 21 22 29 33 53 67 68 81 84 87 121 126 160 190
29 31 57 59 64 68 94 98 100 106 107 111 146 165 170 171 188 195
14 22 46 47 55 60 73 80 156 163 185
8 12 30 33 40 41 43 53 56 61 65 71 77 79 95 99 107 115 124 128 146 148 154 158 162 170 172 177 178 182 185 191 193 198
6 33 34 44 50 59 69 80 109 125 131 184 189 193
4 7 38 68 78 80 88 103 106 134 139 142 157 193 198
5 7 48 49 72 83 90 122 133 148 173 193 195 199
20 25 26 27 30 46 51 62 82 93 103 120 155 174 179 183 185 187 188
16 17 19 27 32 33 34 35 46 58 61 67 69 73 81 91 94 98 121 132 135 143 147 156 160 164 173 179
19 26 35 43 76 133 146 148 156 162 168 169 171 173 174
1 2 4 11 17 24 29 32 46 57 59 63 74 76 99 108 124 130 140 144 150 154 162 180 185 186 187 198
22 24 27 36 46 47 52 53 57 61 63 69 86 111 117 141 147 152 155 157 168 188
9 12 14 22 28 39 45 49 54 68 69 73 80 84 88 99 105 107 111 140 142 146 148 154 158 166 168 181 182 183 195 196
2 9 10 12 13 15 27 36 44 56 63 67 85 97 100 106 111 119 127 143 151 157 162 166 173 178 179 180 189
10 18 21 31 43 44 60 85 88 95 100 125 131 137 140 142 143 159 160 162 180
3 10 28 34 49 70 81 93 134 138 152 153 159 179
19 28 33 37 39 41 42 45 47 55 59 76 84 92 105 116 121 140 162 164 170 172 175 176 194
29 31 49 80 88 104 108 126 128 133 140 152 176 182 185
6 13 14 19 20 27 28 31 37 38 42 45 50 53 55 61 65 69 74 78 82 83 93 94 96 97 145 176 177 178 183 184 192 197
14 17 21 23 39 56 68 69 99 101 113 119 126 132 145 147 148 150 153 166 170 172 184 185
6 20 24 27 28 30 31 42 48 55 59 71 72 82 84 85 93 106 108 113 114 173 191 195 196
4 20 23 31 47 58 66 78 84 91 99 121 127 130 142 144 148 157 158 163 174 182 189 198
4 6 11 32 51 60 79 80 81 133 149 175 176 199
2 7 21 23 26 33 35 44 52 55 56 66 85 89 102 105 107 108 114 126 127 130 133 143 146 163 174 176 182 183 186
3 12 14 23 30 37 38 46 66 68 73 77 85 90 102 104 112 120 122 123 146 147 150 156 158 159 161 169 179 181 186 189
14 26 27 34 39 41 46 48 49 54 55 82 84 88 90 91 97 111 115 126 136 153 158 162 163 166 167 180 186
4 8 15 16 23 29 30 41 45 62 68 69 71 73 80 86 87 93 103 105 110 115 118 121 129 136 143 149 155 156 160 162 166 172 199
29 39 42 45 49 54 57 66 81 84 88 90 105 123 134 137 179 195
5 13 18 34 47 74 86 132 139 150 167 168 176 185 188
9 14 33 37 42 52 62 68 71 80 97 98 112 114 121 124 134 139 155 164 176 181 188 189 195 200
13 14 20 29 42 43 122 134 163 169
4 14 21 25 26 35 37 69 71 76 81 86 89 92 97 99 101 108 121 141 145 146 147 152 157 162 166 178 182 183 184 187 188 197
11 12 20 33 34 37 38 61 68 69 73 74 82 97 107 132 139 145 150 164 165 180 183 190 200
11 17 30 33 35 36 44 60 61 69 78 82 84 116 121 144 146 164 173 177
1 15 32 44 50 62 85 86 124 143 145 154 156 172
14 24 30 45 59 66 93 105 121 134 153 167 174 182
3 11 29 35 36 54 64 71 83 87 92 114 136 145 152 155 157 161 168 173 184 189 195
3 9 20 27 33 50 55 61 80 85 92 99 100 105 108 110 115 118 154 169 173 176 199
11 18 26 27 52 65 71 75 90 91 97 100 123 133 157 178 197
19 39 47 94 98 134 148 157 180 190
4 20 22 25 27 34 44 54 57 60 65 74 94 100 108 114 120 128 133 134 140 148 152 176 177 188 189 195 198
8 11 57 118 153 154 156 183 184 188
12 34 49 74 88 90 113 123 126 143 147 192
4 15 30 38 63 68 69 72 77 80 84 102 113 120 123 138 164 168 190
6 25 27 40 48 70 73 78 84 86 88 89 120 122 130 136 142 147 158 162 163 166 169 174 181 184
18 31 42 46 74 80 83 90 104 170 198
15 42 51 53 67 69 76 77 98 109 127 177 195
23 24 42 43 45 49 86 99 100 105 120 123 126 133 134 137 141 153 157 168 186
8 13 25 29 43 44 56 60 66 72 77 97 99 101 103 111 121 132 138 139 144 149 157 158 162 166 168 169 177 193 195 196
6 13 16 38 44 57 61 74 85 91 100 110 120 139 169 176
11 16 22 27 30 36 49 55 57 66 97 115 119 126 181
5 20 26 30 43 57 61 65 71 73 79 91 98 103 116 121 126 147 155 160 169 172 177 184 190 195
6 11 31 55 68 83 90 95 109 112 113 119 122 127 131 134 138 147 148 153 155 156 170 173 187 196 200
1 3 8 12 16 19 21 25 29 30 33 40 47 55 84 87 88 95 107 108 130 132 142 146 147 148 149 150 161 163 187 188 196
1 7 10 14 19 22 33 34 49 50 66 74 76 83 85 90 125 134 152 161 163 168 170 174 178 191 197 200
1 4 6 15 26 37 38 45 46 56 57 68 69 76 85 93 97 104 110 111 113 122 123 132 147 154 158 167 172 173 176 188 195
1 2 6 10 16 18 31 38 46 47 59 86 100 117 120 121 143 150 151 153 154 158 164 174 178 181 190 196 200
3 6 17 19 31 55 67 76 84 105 109 111 129 135 166 199
5 17 45 53 129 155 157 166 175 176
28 36 40 59 65 73 82 86 92 109 127 133 135 140 166 168 177 194
2 5 12 14 21 26 29 37 38 43 55 68 72 73 76 85 86 93 96 103 115 124 138 140 154 157 166 193 198
19 21 26 49 50 58 82 88 102 103 113 131 150 154 177 185 199
8 12 13 23 28 36 44 46 54 56 60 63 76 94 96 109 119 143 144 146 158 159 163 165 185 191 197 199
9 38 44 45 69 84 88 90 114 149 152 158 177 194
3 10 15 17 19 22 30 35 36 43 49 54 75 81 82 85 95 103 141 145 174 177 187 191 200
10 14 62 76 84 98 104 112 136 138 140 143 147 150 158 164 183 191 192 195 198 200
8 13 29 38 45 65 70 93 113 124 133 156 158 171 184 187 192 199
4 5 9 13 24 37 54 72 76 78 87 89 92 95 104 107 117 128 135 151 154 160 168 169 177 190 200
5 14 34 44 47 54 55 58 66 91 96 97 115 117 118 140 172 178 181 190 192
12 13 15 16 21 28 43 47 49 53 63 68 72 79 83 85 86 88 90 93 97 98 119 124 125 131 136 140 142 151 162 163 165 176 178
1 13 24 46 62 64 85 99 105 111 127 149 172 182 184 196
26 41 43 45 59 63 80 91 94 98 105 117 149 186
2 7 30 31 33 52 58 59 63 71 73 75 79 80 82 86 94 102 117 123 134 143 146 151 152 158 172 174 181 182 189 196 198
5 19 22 29 44 58 68 69 72 76 83 87 100 113 115 117 122 123 140 148 155 156 157 162 165 167 194 198 199
38 60 72 79 81 88 114 152 166 183 195
7 8 9 35 38 58 62 70 73 83 89 98 115 116 118 126 136 143 144 158 175 181
4 30 35 52 54 55 75 88 92 100 105 109 113 114 132 191 198 199
3 18 22 24 26 37 39 46 48 50 53 65 76 79 89 95 99 117 121 130 134 136 138 146 150 155 161 162 163 170 183 190 192
2 17 19 38 39 85 97 100 107 114 118 123 128 173 174 178 181 193
27 28 29 41 63 67 74 90 102 104 106 111 116 136 139 185
3 5 13 23 24 27 33 67 74 77 79 90 95 100 103 104 114 122 124 129 135 142 155 160 167 168 175 178 185 187 189 193 195
1 13 16 18 39 42 49 52 54 55 58 73 77 78 81 83 91 93 99 101 105 121 138 139 161 162 166 168 169 178
12 24 27 41 53 59 78 79 89 93 94 95 114 123 139 142 149 150 155 173 175 178 194 196 197
2 4 15 20 23 31 32 42 44 50 52 54 76 82 89 102 107 145 149 155 158 165 167 177 184 193 197
8 16 21 23 26 28 32 36 50 55 76 88 93 97 113 115 125 133 150
1 2 14 36 39 44 75 145 165 173 174 183 184 186 187
3 11 24 25 28 29 32 34 55 75 77 78 87 106 109 135 138 154 160 166 167 188 190
20 53 63 115 122 153 161 173 182 197
1 4 16 19 25 35 36 42 48 54 62 63 65 70 91 98 117 119 121 129 131 132 136 161 169 171 181 183 185 189 193 199
2 18 24 27 28 36 83 90 114 136 142 148 152 166 182 184
6 34 66 68 95 107 149 154 169 175 176 200
4 7 31 33 41 47 48 61 84 85 96 100 113 136 138 140 151 164 172 176 177 181 187
6 11 32 34 43 68 81 90 96 99 101 104 105 137 143 153 170 178 184 188 190 193 199
8 13 28 30 33 63 68 69 91 94 95 102 108 114 117 121 125 137 153 155 159 163 166 181 192 195 200
3 13 15 25 28 33 39 51 52 53 76 82 101 102 112 113 117 118 130 135 140 155 160 183 184 195
7 8 14 31 78 94 113 131 155 180
19 36 57 58 74 76 78 80 84 105 113 117 146 160 166 168 194 198
4 21 25 29 30 46 77 107 115 121 127 168 198
26 44 48 80 112 163 170 172 173 181
8 20 43 51 69 71 77 120 122 126 136 138 139 152 156 161 172 180 187 198
6 8 10 29 32 40 50 57 71 73 76 87 90 97 103 107 114 120 129 134 147 150 152 153 155 156 166 170 180 183 184 185 186 194 199
2 17 18 21 23 26 36 43 45 53 62 68 75 78 87 91 118 138 140 144 147 161 176 177 179 187 191 192
4 6 14 25 34 37 42 46 63 81 86 92 101 112 115 122 128 133 140 152 160 171 173 174 177 181 182 188 200
6 13 23 40 62 64 85 103 104 105 118 126 132 134 144 145 166 173 179 180 191 193 195 198
3 60 66 92 109 116 117 158 182 198
3 6 34 38 50 58 65 70 75 86 92 97 99 152 169 189
5 9 16 20 23 26 28 29 34 44 51 54 58 59 60 62 66 74 77 78 80 94 95 101 117 125 139 140 146 161 172 175 182 186
14 35 39 40 59 76 79 132 139 143 145 146 178 200
7 19 29 36 43 65 70 73 83 122 148 149 153 157 161 169 197
8 23 30 32 34 36 43 48 61 63 76 77 78 80 88 91 92 101 104 108 111 114 127 128 151 155 158 160 167 169 181 188 192 196 198
24 29 31 34 52 64 71 72 108 109 115 130 133 141 150 161 185 189 190
34 47 48 61 68 70 92 126 127 141 162 165 191
3 8 12 29 32 47 56 57 58 59 79 81 85 88 91 103 109 120 133 135 149 153 154 159 167 168 170 176 179 190 193 198 200
34 36 50 62 97 103 108 112 113 145
8 12 14 17 22 23 44 60 71 79 82 86 90 91 95 98 111 118 119 120 132 135 139 141 144 152 158 159 169 177 187 189
5 9 11 19 43 50 53 79 81 117 120 129 137 141 155 159 164 171 172 180
6 14 15 16 29 39 42 46 49 51 56 60 66 72 78 86 87 92 101 112 118 130 135 141 148 151 156 157 158 159 177 191 195 199
4 7 21 36 41 43 46 49 61 62 88 90 99 106 107 109 110 112 114 119 123 155 172 187 190
5 6 8 12 22 27 37 44 46 65 66 84 102 103 118 123 137 157 158 161 165 166 169 182 183 191
38 61 62 65 70 78 85 86 100 107 112 113 124 141 147 162 179 183 193
8 32 49 50 52 61 64 106 108 177 190
6 7 10 15 23 32 39 42 48 54 55 71 75 78 83 84 102 107 108 116 118 119 129 130 136 151 153 157 160 162 163 178 194 195 198
2 3 8 11 24 41 43 61 88 99 112 134 137 140 143 158
2 15 20 48 55 61 65 68 74 82 90 94 99 108 112 114 118 120 129 138 142 151 178 193
1 2 17 25 28 94 108 111 125 132 140 144 156 178 184 192
7 10 21 29 54 59 84 96 98 103 104 105 132 136 155 159 165 169 171 182
12 13 14 32 34 36 37 40 45 46 58 79 83 97 100 103 105 118 119 123 125 134 136 145 146 147 153 159 171 197 200
14 18 21 50 56 78 80 95 98 104 112 113 133 152 166 167 200
3 8 14 19 23 30 43 53 54 56 66 70 81 98 105 107 108 109 111 118 129 147 152 164 168 180 183 188 197
18 25 43 46 57 74 76 85 126 129 135 138 148 166 185 192 196
1 9 16 18 21 29 30 36 47 49 59 64 69 70 79 82 84 85 125 126 130 137 141 153 156 157 165 168 170 180 182 189 195 198
2 5 13 18 20 40 53 67 73 78 85 87 110 117 124 136 138 139 144 147 162 170 171 172 181 192
9 21 25 38 50 109 114 119 129 133 135 140 144 146 149 155 194 197
7 9 25 45 48 54 59 65 70 73 79 80 84 125 140 156 169 174 177 185 187 191 193
20 24 38 47 49 71 75 79 87 90 96 105 110 115 142 156 159 187
7 9 17 23 31 33 41 49 59 63 75 85 101 103 108 134 161 162
4 16 17 22 31 50 51 52 63 70 72 85 92 97 101 110 126 129 135 140 158 177 179 180 181 182 183
16 36 57 58 60 77 100 103 164 167 195
35 47 57 75 76 104 108 111 120 121 124 134 135 154 165 199
2 7 12 25 28 36 38 47 57 58 69 73 80 83 96 100 106 118 123 129 134 153 182 188 189 193 194
2 6 20 28 34 66 71 81 92 99 103 106 110 114 117 121 128 132 136 138 141 146 163 170 176 179 192 193
17 43 57 71 87 99 104 106 111 113 114 127 128 136 139 152 157 160 167 183 188 191 196
7 18 20 23 27 44 57 58 66 68 73 75 89 103 109 110 114 115 119 128 164 172 181 192 196 197
12 24 41 51 54 70 72 82 97 103 104 108 113 119 121 127 137 144 149 150 152 154 155 158 159 164 168 173 175 178 180 183 188 189 190
3 8 44 50 71 81 82 118 141 162 184 192
2 17 25 28 31 32 41 47 75 83 85 106 118 121 128 129 135 146 159 163 165 170 176 182 188 199 200
6 12 13 15 20 42 53 77 79 92 114 121 125 131 133 135 150 155 171 179 182 193 200
2 11 13 15 24 70 71 76 103 106 130 168 185
31 60 68 80 118 156 157 164 187 190 195
9 11 28 31 37 38 43 46 48 57 70 80 92 112 119 126 128 131 138 141 143 148 151 154 160 167 171 193 196 197
3 18 20 26 29 31 34 38 44 47 49 70 91 92 93 101 107 116 131 139 147 150 154 160 168 190
20 29 37 59 81 98 105 106 107 136 139 159 163 168 172 185 187
11 24 43 51 62 65 77 82 89 99 102 103 119 131 132 143 152 155 182 197 198
17 49 73 81 115 136 144 149 151 160
2 5 6 7 9 19 20 34 68 75 81 98 100 103 126 129 136 140 143 179 186 189
3 19 21 37 41 60 76 149 151 160 165 198
10 15 24 30 34 37 39 41 46 67 70 90 94 108 114 125 127 128 136 146 152 153 155 156 161 163 166 169 175 195
4 7 15 17 18 33 35 53 59 65 72 76 86 101 105 106 107 108 112 116 129 131 134 144 152 165 179 181 187 192
12 21 23 26 32 35 36 56 75 83 86 87 91 102 115 124 136 140 142 143 161 162 175 179 180 183 184 187 189 190 191 199
18 22 34 37 38 53 70 77 80 87 88 95 101 107 112 118 126 127 135 140 153 156 169 170 175 176 178 182
4 44 54 56 67 81 110 112 151 169 171 184
4 12 18 24 36 42 43 46 61 63 71 77 89 118 121 125 126 131 132 135 142 143 144 158 160 188 200
56 78 102 108 123 168 169 173 196 197
9 10 13 15 20 23 32 69 76 84 85 90 112 114 132 136 146 174
23 25 28 29 34 54 78 104 111 114 117 131 138 139 148 155 167 168 175 179 180 190
6 11 30 57 60 73 85 113 124 129 135 137 150 154 186 188
9 23 28 35 50 63 64 70 91 93 103 119 139 148 151 155 163 177
9 15 25 39 47 51 59 60 73 88 90 95 103 104 108 110 127 130 133 141 143 166 179 181 183 187 189 191
1 12 39 49 55 65 68 87 105 106 116 117 125 140 159 161 183 193 195
4 6 13 18 21 22 23 46 82 84 89 92 103 106 122 124 126 133 135 139 143 157 170 194 197
5 8 9 19 25 28 36 47 49 50 67 71 74 84 85 90 102 114 119 123 143 145 146 147 158 170 175 186
22 31 45 47 53 65 67 99 109 124 127 128 142 147 187 190
35 44 61 69 71 79 82 87 98 114 116 123 129 140 150 155 158 169 186
27 64 67 76 104 120 151 153 161 179 194
12 17 19 83 87 102 119 122 123 124 134 146 149 159 172
5 6 7 21 23 35 40 41 43 46 51 59 60 75 85 86 91 97 105 116 122 123 124 150 161 177 198
11 18 19 27 34 40 49 55 66 67 74 80 101 115 120 121 122 123 127 135 138 143 146 153 156 163 164 169 175 177 179 180 187 190 200
9 35 52 97 100 126 130 140 170 177
4 7 12 20 26 32 41 51 56 58 60 72 73 77 88 94 101 113 114 121 133 143 145 154 162 163 164 165 173 179 187 198
2 8 11 22 34 35 48 53 64 66 74 76 77 79 96 105 109 110 117 120 121 123 126 132 133 135 137 155 163 182
13 18 33 50 54 65 78 86 94 97 104 132 142 146 151 154 156 179 181 195
43 64 84 98 99 113 125 139 151 192
3 7 9 15 17 30 36 50 54 59 61 72 73 76 77 82 84 85 97 113 123 124 152 182 199
1 25 30 36 57 68 128 136 142 173 174 176
4 24 28 64 66 68 124 132 160 170 196
18 19 20 23 24 25 28 29 32 37 38 42 47 48 50 57 63 72 83 93 96 142 155 159 160 161 162 164 165 169 171 176 184
37 76 78 81 92 99 100 104 106 128 134 177 192 194
16 19 24 41 50 52 54 55 61 75 97 107 113 136 146 150 158 186 189 194
1 17 23 31 40 59 60 62 65 69 93 98 100 102 119 125 127 129 131 135 140 154 166 169 171 172 173 174 182 184 185 190 195
4 7 30 34 44 53 54 92 104 111 115 118 119 122 160 164 187 198
5 6 7 11 13 32 34 35 38 40 43 44 48 57 59 63 80 86 111 116 118 119 129 131 135 140 155 172 178 179 180
16 24 31 41 43 44 52 56 78 83 98 104 111 112 118 139 143 150 153 162 164 167 169 192
4 6 8 49 55 58 67 98 132 155
36 55 71 99 107 118 132 147 166 174 179
14 33 39 40 56 74 80 123 132 136 149 162 166 196
18 20 73 77 78 79 84 85 86 90 92 101 115 125 137 142 157 188 199 200
17 20 21 24 31 54 62 63 69 71 87 88 93 109 116 120 133 148 149 150 153 156 164 170 172 179 183 187 194 198
7 14 19 24 74 82 86 87 97 107 113 143 155 175 180 184 193 199
9 16 21 23 37 42 46 47 54 70 72 76 84 85 86 93 97 98 100 112 124 139 151 154 170 178 186 188 190 196
6 17 22 38 55 83 84 86 88 89 107 115 125 128 135 153 155 167 173 181 185
2 11 12 13 36 55 70 121 133 164
3 9 34 44 45 54 57 58 61 69 81 82 95 100 102 103 105 109 112 127 152 158 164 167 180 185 186 187 188 200
4 6 10 16 27 30 35 36 42 45 49 60 77 80 87 88 90 104 122 128 132 133 141 144 146 149 171 180 182 187
2 3 8 14 18 33 41 46 52 56 63 64 66 68 76 84 87 102 112 122 130 136 142 161 168 186
5 6 12 25 29 38 43 58 60 61 65 81 86 90 94 105 114 122 129 132 136 160 165 178 185 187 192 200
3 10 31 37 58 62 68 77 88 94 95 96 104 122 124 128 129 133 140 141 148 169 171 172 177 178 180 183 190 196 198
12 19 22 23 30 32 35 38 39 41 43 45 52 57 64 67 75 83 84 86 90 97 115 139 140 150 156 180 183 185 187 191 196
4 11 13 23 26 41 42 64 72 73 78 92 105 110 111 113 127 147 164 167 172 195
13 15 20 28 32 38 39 43 45 46 61 66 67 70 91 93 95 101 110 123 127 132 139 140 141 142 143 148 151 153 156 160 171 196
26 28 33 48 51 67 118 139 154 172
16 21 24 108 120 131 146 157 158 163
6 7 21 33 45 67 76 95 99 101 137 148 155 164 194 199
11 17 21 24 25 26 33 42 51 57 64 85 92 97 109 110 111 139 155 158 176 182 188 192 193 197
38 47 52 57 60 70 84 96 118 119 124 167 178 196
4 13 19 22 43 48 52 55 58 72 77 78 88 103 105 114 156 158 159 163 165 166 171
8 13 23 31 42 62 67 88 91 98 131 140 142 152 155 168 179 185 189 196
12 56 64 70 93 133 147 148 152 174 177
6 13 26 37 38 47 50 51 57 71 85 87 89 92 95 104 108 113 122 125 137 141 154 178 195 199 200
10 14 18 24 28 32 34 36 44 48 62 77 84 87 97 98 116 140 159 179 188 191 199
2 9 30 54 58 66 81 105 108 118 123 129 137 142 150 162 164 174 182 190
12 23 46 55 73 99 112 115 126 132 136 172 200
6 8 9 74 82 91 94 102 116 119 128 133 136 143 146 150 165 168 172 179 182 187 189
10 12 16 20 25 27 28 34 36 38 43 45 64 68 70 87 88 92 110 133 144 145 149 169
4 7 31 33 57 62 66 67 71 79 80 94 95 104 114 122 124 133 144 151 152 159 168 172 183
10 27 28 33 39 40 50 52 58 60 63 65 68 75 76 94 95 96 112 114 127 129 132 142 150 164 180 182 183 184 190 200
10 17 22 36 44 51 55 59 62 67 70 93 107 115 122 138 158 165 168 181 191 194
6 7 18 39 40 44 50 67 72 79 89 91 92 101 104 106 125 130 131 132 136 147 159 161 162 173 177 180 194 199
14 26 36 38 40 53 54 66 67 70 78 85 90 113 117 123 128
8 10 11 22 47 48 49 59 74 76 84 92 106 113 115 117 121 130 131 137 151 164 170 178 179 183 184 186 200
22 46 47 72 76 106 135 138 153 163
2 9 10 13 15 18 19 25 45 58 61 63 67 68 69 70 76 78 83 93 106 111 119 125 134 136 139 142 151 157 166 171 178 188 199
15 18 20 38 53 56 59 65 66 68 71 74 85 86 90 97 98 104 118 128 129 134 138 140 144 146 161 163 168 171 172 176 185 198
11 21 35 38 77 79 91 93 97 101 115 120 148 152 153 154 160 162 163 166 178 179
7 9 19 28 30 34 40 42 45 47 50 57 77 80 87 90 91 92 97 110 116 122 128 132 142 143 148 167 171 175 177 179 193 198
6 11 20 33 39 81 90 97 104 106 119 120 123 126 130 149 156 160 173 174 179 181 185 198
2 20 21 31 32 34 36 39 59 61 77 81 100 107 108 114 126 127 132 153 157 167 169 174 184 188 190
3 4 14 22 33 37 40 42 67 77 87 97 101 112 113 124 126 132 133 134 144 172 181
1 19 52 67 76 85 87 89 98 99 110 118 124 150 157 169 182 192 199
7 13 24 42 61 62 65 75 76 84 86 93 95 101 115 122 136 146 147 150 153 156 161 166 176 179 182 187 191 197
2 11 28 33 42 79 96 139 149 152
8 12 13 31 35 37 49 55 60 74 81 83 88 91 94 108 121 131 144 158 164 189 197 198
4 5 16 30 35 40 48 49 51 53 62 90 91 94 100 107 111 115 116 118 123 131 134 141 142 144 146 152 177 178 180 185 193 195 200
1 2 14 22 24 27 29 36 40 41 42 43 45 60 64 65 66 69 74 98 99 102 106 110 111 118 124 129 130 133 157 158 179 195
7 11 44 45 49 52 55 58 64 78 99 100 111 116 118 121 126 132 133 134 141 143 144 147 155 158 169 175 182 185 188 190 198
8 16 19 23 28 38 42 44 46 52 55 61 63 74 80 88 96 116 117 119 130 134 151 153 159 165 169 170 175 185
2 4 11 19 30 35 39 43 50 60 65 73 76 78 80 92 94 107 110 119 124 142 148 158 166 183 188 199
4 6 26 28 29 30 50 55 56 61 66 68 76 96 98 107 112 128 131 136 146 149 150 153 158 164 166 167 168 178 180 188 194 197 200
21 28 34 44 67 73 75 76 78 97 101 102 108 132 140 159 188 193
2 3 14 17 19 22 45 48 54 67 76 80 88 99 101 108 116 122 125 146 147 151 158 173 174 195
10 18 42 44 57 70 72 77 86 100 101 122 125 128 136 141 146 161 167 177
3 7 15 18 23 36 53 54 71 73 93 99 100 124 131 141 144 150 162 166 168 169 176 190 192 199
18 46 89 94 112 113 128 130 163 177
5 10 14 38 41 60 61 65 71 76 86 88 91 92 101 104 105 115 118 123 127 128 140 143 144 151 157 160 162 164 173 175 179 198
7 9 24 27 47 65 68 77 84 89 90 92 93 95 98 99 100 106 110 126 127 128 143 147 157 159 160 162 163 172 189 192
4 9 10 13 22 28 32 37 56 58 62 64 72 74 79 80 86 90 107 126 136 154 166 168 171 175 176 184 186 191 193 194 196 200
4 13 27 29 49 51 52 57 80 101 109 161 166 170 181 186 191
10 14 25 28 67 78 84 87 103 113 140 141 154 184 195 198
29 48 57 59 60 63 71 72 83 106 179 184
12 24 29 68 70 73 76 98 100 109 111 114 116 118 119 124 143 161 163 164 186 190
3 6 13 18 34 39 45 57 66 70 71 79 84 100 107 112 149 150 160 162 179 189 190 193
8 19 32 72 87 98 108 131 140 151 178 180 184 187 195 196 198
7 14 28 29 34 35 57 62 64 67 72 87 98 99 113 114 116 124 126 128 141 148 165 166 172 175
5 40 73 82 92 99 109 132 136 137 140 154 166 169 172 181
8 9 13 14 24 38 55 66 74 77 80 89 90 91 92 97 100 101 103 104 105 114 123 133 142 147 151 155 158 159 162 171 185 190
9 13 19 24 25 30 36 43 62 68 78 82 84 90 97 103 114 115 116 119 122 131 139 143 146 160 169 178 180 181 191 192 198
11 17 21 44 49 51 65 68 70 76 79 88 93 95 96 97 100 125 129 131 133 167 180 186 195 197 199
21 37 53 83 90 94 97 100 102 117 133 135 168 178 181 182 190 191 199
10 20 63 66 67 95 96 98 99 116 124 138 166 186 189 195
1 6 26 31 50 52 54 61 66 72 76 85 86 99 103 115 118 119 126 128 133 140 142 151 157 158 193
3 20 39 43 53 84 87 88 101 113 142 196
8 27 29 33 35 40 50 52 59 60 62 67 76 98 101 125 132 135 137 140 142 163 173 179 182 183 185 190 192
9 33 52 80 86 138 149 178 184 189 191
1 2 10 28 33 39 41 47 56 57 59 70 97 122 124 130 132 134 136 152 166 169 170 197 198 199
6 8 18 36 37 39 40 44 62 66 69 76 83 84 92 101 108 116 117 119 127 130 132 133 146 148 155 158 166 171 189 192 198
16 30 31 34 39 61 64 68 70 72 81 84 87 88 94 105 119 141 142 155 165 167 169 191 193 198
22 40 69 100 111 112 120 139 140 149 155 171 189 200
6 8 23 29 38 46 50 55 61 64 70 104 107 114 117 118 120 121 128 131 138 142 150 156 157 171 178 183 189
17 31 75 90 105 111 137 140 141 143 189
6 7 12 13 36 40 48 59 72 82 96 99 100 112 135 137 142 156 158 161 163 168 171 177 180 186 197 198 199
5 16 20 24 30 31 34 45 53 55 58 61 62 73 80 82 84 96 99 110 112 119 139 142 150 152 158 163 166 168 176 180 187
4 21 23 31 37 38 45 49 65 68 86 88 97 137 152 162 176 190 198
8 14 17 62 74 77 93 136 143 158 161 192
1 18 23 35 38 56 63 70 80 88 90 96 100 111 160 164 165 167 169 171 172 187 200
22 43 49 58 67 68 71 115 120 133 137 192
2 11 13 22 36 39 47 48 71 72 77 90 92 95 119 122 130 143 146 148 174 192 199
1 4 20 25 98 109 122 162 166 178
5 17 35 37 43 54 65 75 87 99 103 114 131 137 159 166 173
2 42 44 45 49 66 73 78 86 98 106 120 126 152 160 176 186
5 12 13 24 27 30 33 34 45 54 55 67 76 78 79 88 89 101 110 126 128 137 163 169 177 180 198
13 16 22 45 53 59 85 95 112 113 116 132 134 137 140 150 162 172 182 200
10 23 41 50 63 72 80 95 96 99 100 106 123 183 197
1 2 9 12 41 42 46 59 69 71 85 89 106 112 117 124 133 149 150 164 187 196 199
10 14 21 34 41 45 51 65 83 98 100 101 102 104 110 114 125 127 140 142 145 158 160 165 166 168 200
1 6 14 21 29 37 49 58 81 83 90 106 114 119 120 142 152 167 182 189 199
4 10 12 14 26 36 38 40 66 69 81 82 86 87 102 111 121 126 132 133 137 153 179 181
3 8 9 27 33 37 44 61 76 116 129 161
8 11 17 20 32 40 41 42 57 63 70 83 85 97 102 104 119 123 125 132 133 139 142 148 150 151 161 165 171 172 174 179 194 200
8 16 17 19 32 42 55 61 70 75 83 85 88 99 112 116 130 134 139 147 148 149 150 157 164 165 170 177 190 192 194 196 197 199
4 33 38 41 42 60 61 73 74 78 80 89 91 94 103 116 131 133 139 147 151 160 162 169 174 178 180 182 190 192 195 200
1 27 32 33 43 61 87 137 156 198
4 5 7 10 17 22 42 46 47 61 66 68 78 80 84 87 107 110 111 122 127 129 130 133 134 143 147 160 163 194 197
16 18 37 48 54 57 59 69 88 111 114 131 144 179
8 17 29 36 46 60 67 81 87 89 96 131 141 150 154 174 180 188 193 200
4 19 72 88 99 103 107 110 114 117 118 136 137 139 143 150 158 166 167 173 187 195 200
16 20 26 29 30 33 43 44 57 70 76 86 88 91 93 110 117 130 137 159 162 167 171 173 179 180 184 187 194
24 36 54 55 76 86 100 101 103 117 155 162 181 187 200
19 21 39 40 44 45 57 58 71 72 75 81 84 91 103 107 111 114 124 125 134 143 146 152 155 160 166 171 178 180 186 199
4 26 44 49 66 73 77 83 98 111 148 152 153 154 164 178 179 186 191 196
1 8 10 14 15 28 42 46 60 64 67 68 71 78 88 132 135 137 138 142 157 159 167 200
5 23 24 29 36 37 46 52 56 74 75 89 103 118 120 133 134 170 175 176 183 185 187 189 198 200
23 42 60 73 75 122 130 136 139 160 168 189
3 7 8 9 19 21 23 30 34 36 47 79 80 85 86 87 91 101 122 140 149 156 162 172 187
2 7 11 25 34 38 45 47 48 50 58 62 86 94 100 105 110 138 143 151 152 166 167 168 172 180 190 191
5 14 26 29 30 45 54 61 64 66 70 75 86 88 94 107 108 109 112 131 135 144 149 162 169 180 183 185 198
12 28 48 58 64 68 77 89 91 96 100 137 185 187 190
3 11 15 19 25 31 34 48 50 60 66 68 71 81 83 89 93 98 108 112 114 119 123 125 134 135 138 139 153 157 166 168 173 191 195
14 30 41 43 48 51 89 92 105 110 112 120 121 128 129 139 148 154 160 168 170 174 176 180 181 195
8 9 30 64 77 97 109 135 159 183
21 23 59 61 91 93 94 96 111 114 126 156 175 180 190
3 12 13 15 20 22 43 58 63 68 69 77 87 94 95 97 108 112 119 126 129 137 147 148 149 155 156 160 162 168 178 183 184 196 200
1 20 23 24 31 36 45 81 83 85 86 95 111 113 122 124 127 131 142 144 146 147 154 156 188 189 194
2 8 36 52 80 81 83 118 119 127 163 178
7 18 20 28 55 73 107 115 117 140 152 159 169
1 3 17 20 31 39 62 97 108 109 135 141 156 163 171 191 192 195
5 24 35 37 51 53 54 63 64 67 74 77 80 99 103 105 108 113 117 118 128 132 140 141 160 163 177 178 183 186 198
3 14 20 29 32 64 75 87 89 98 102 112 115 122 126 128 131 138 142 146 151 153 157 162 166 167 176 179 189 193
3 17 24 28 46 48 78 88 91 92 94 98 101 109 111 112 120 121 126 137 151 155 163 165 188 194 198 200
9 11 17 41 65 66 71 79 93 100 113 115 131 138 141 200
49 97 107 114 156 168 169 183 184 199
38 39 47 69 72 94 95 121 122 123 126 128 137 162 191 193
13 16 26 27 33 36 38 58 59 63 80 95 98 99 102 103 127 130 134 135 142 147 152 157 160 172 177 180 183 191 194 197 198 199
3 4 34 41 46 64 72 84 87 98 104 110 128 134 141 144 151 152 153 154 161 162 164 170 174 187 190 192 198
6 10 31 33 35 45 52 64 66 88 101 106 114 115 120 123 126 132 135 139 144 145 148 149 167 175 180 181 182 183 185 191
7 13 19 22 23 34 35 40 54 58 59 70 86 110 119 125 126 145 169 196
1 11 14 25 26 27 37 42 48 50 62 91 98 101 107 111 118 127 131 136 138 163 168 173 175 191
9 11 15 24 26 41 43 66 67 96 105 106 107 110 111 121 125 127 128 130 139 145 148 159 160 170 174 175 178 181 182 188 189 193
4 17 20 30 39 40 42 45 51 57 61 66 69 73 91 95 101 102 104 106 110 124 127 132 140 143 152 158 159 166 171 193 196 200
4 6 7 13 20 45 51 53 60 75 78 89 96 104 111 112 138 147 154 156 171 184 198 200
17 20 25 28 33 39 52 54 67 70 73 75 76 79 94 104 123 141 147 148 155 156 158 161 180 194 196
35 38 39 40 54 76 88 89 183 189 191
18 19 36 46 55 58 62 73 80 83 88 89 91 106 112 113 128 137 160 163 165 166 196 200
11 14 15 19 35 36 48 58 59 62 67 68 75 86 98 108 128 133 139 142 149 154 169 174 179 192
19 21 66 103 110 122 146 155 182 195
6 15 19 28 37 52 61 67 72 74 78 80 83 84 89 95 98 104 105 110 114 115 121 122 131 149 155 156 163 183 186 193
13 17 18 31 32 63 73 99 106 111 115 124 146 153 161 172 173 195
4 5 13 27 29 45 60 61 75 78 82 108 110 136 157 164 166 170 173 177 183 190 194
2 12 25 26 27 54 62 66 92 104 109 111 120 141 149 156 168 171 185 193
17 31 36 47 62 69 73 76 108 110 112 120 122 123 153 170 171 188 191
8 14 17 21 25 28 29 39 50 52 53 61 63 67 77 87 89 128 152 155 156 157 162 165 171 195 198 199
27 28 39 58 64 101 103 106 112 116 136 144 156 167 193
1 9 22 35 36 42 53 61 73 74 89 100 103 105 131 140 144 151 153 156 164 166 171 176 186 196 198 199
22 37 40 51 56 60 93 97 103 119 123 167 170 186
19 25 33 41 77 93 96 99 113 123 143 150 152 163 168 169 174 176 181
17 29 31 79 89 100 126 130 161 163
1 19 27 38 49 51 52 54 58 71 74 78 84 90 99 102 103 105 107 112 115 130 154 155 167 169 196 198
8 27 68 72 76 84 86 97 112 113 115 123 129 130 167 171 175 177
9 24 28 29 34 36 38 39 51 68 83 89 95 97 99 110 118 120 127 149 158
13 26 27 37 43 51 63 67 72 73 79 90 97 108 110 111 117 126 135 140 144 152 164 171 178 183 185 195 198
21 31 50 60 72 97 102 143 155 174 178 185
9 16 23 27 31 34 43 63 72 98 99 104 111 135 139 147 148 157 162 164 169 175 184 192 195
11 34 40 66 92 113 121 131 139 140 154 155 191 197 199
9 12 24 47 51 58 72 116 148 159 170 193
9 12 23 34 38 40 45 74 82 98 103 107 108 112 122 126 134 162 164 179 185 190
4 16 24 25 27 32 33 42 47 65 70 73 75 79 80 86 90 95 109 110 114 115 117 121 144 145 147 148 168 177 179 180 183 185 186
10 17 20 22 45 54 57 66 70 75 86 104 108 111 116 119 124 125 130 133 137 148 155 161 176 177 198
5 18 21 29 31 41 49 64 66 78 94 101 104 105 124 128 132 143 144 145 154 157 158 159 160 168 169 170 180 195 199
17 42 49 63 66 100 112 132 146 151 183
5 7 20 27 29 39 44 50 58 71 85 88 96 113 116 122 130 141 150 157 163 174 186
4 9 10 13 40 56 57 62 63 68 76 78 83 84 90 102 108 110 114 116 117 118 122 132 136 138 140 158 163 192
1 19 20 22 29 33 34 38 48 58 71 77 79 99 121 132 139 151 155 159 162 163 164 165 169 174 176 178 179 195 196
1 16 22 26 32 35 41 42 51 56 73 77 91 92 96 101 108 115 132 148 167 175 177 190 196 198
3 6 7 11 12 33 53 55 57 66 69 101 108 122 126 131 137 146 157 158 161 162 183
4 10 17 25 29 38 57 60 79 83 98 107 108 112 117 136 139 140 152 154 161
4 11 15 23 33 36 43 51 56 73 75 84 88 92 118 144 145 161
8 15 18 21 79 86 93 94 100 103 110 112 122 123 132 135 139 146 166 167 183 187
8 19 26 41 45 63 68 77 84 87 88 98 99 110 115 136 141 143 147 150 160 163 167 173 184 200
4 31 38 41 54 63 64 74 80 85 87 98 104 108 118 120 121 125 149 154 158 160 164 175 183 184 187 190 193
33 43 45 81 92 102 117 122 132 133 139 148 153 155 159
5 7 36 44 48 60 80 89 92 95 110 136 144 147 148 157 162 163 166 185
5 11 17 21 27 29 43 54 56 57 64 66 75 83 87 90 111 117 119 128 138 164 172 175 176 181 183 193 200
4 56 65 68 74 85 99 114 121 124 141 154 156 158 167 168 181 187 189 196
7 21 22 24 40 77 82 87 99 106 112 113 123 124 152 160 169 171 174 177 184 188 194 198
8 9 11 16 17 18 21 24 26 28 31 43 62 64 65 67 81 87 88 90 93 101 110 116 136 146 149 150 164 177 179 180 188 192
22 30 41 69 74 91 93 117 120 122 153 154 198
14 15 21 23 32 37 65 66 67 74 75 97 137 138 151 169 173 174 179 191
1 6 12 24 30 36 39 51 52 63 77 91 92 97 104 109 111 112 116 124 129 133 136 149 161 169 170 175 176 178 180 191 192 198
17 22 47 68 80 93 98 103 110 112 146 153 157 166 181 183 186 188 190 196
3 8 9 10 21 28 30 31 36 39 40 41 61 63 65 73 75 103 106 109 111 119 123 128 131 138 145 150 151 170 175 181 196 198
13 18 20 26 37 39 45 49 50 52 53 54 57 64 78 99 104 105 111 112 119 136 140 142 146 150 152 157 163 164 167 173 182 184 195
3 8 19 31 36 44 46 57 79 80 84 85 91 111 114 115 133 137 141 147 152 164 169 170 175 180 186 188 189 193 198 199
7 16 18 28 40 49 59 66 76 92 95 100 106 123 126 133 138 144 145 148 155 160 170 174 182 187
3 8 14 15 22 47 70 75 78 85 98 103 130 142 147 148 178 187 198
8 40 55 90 100 101 123 124 133 187 195
12 19 39 41 58 66 82 90 91 94 114 154 173 183 194
1 6 13 14 16 19 20 22 28 40 41 46 56 58 69 70 96 100 110 111 115 120 135 140 141 143 153 167 168 176 189 192
9 14 15 17 22 33 38 56 58 65 73 81 96 98 108 112 120 175 178 183 190
15 32 34 35 39 41 42 45 46 56 68 69 77 81 82 85 89 97 98 99 110 129 134 149 156 159 167 168 180 190
7 32 33 57 62 79 90 96 194 199
5 16 28 36 45 51 55 68 73 76 78 86 95 99 110 116 148 164 172 174 183 193 196
32 45 46 63 79 83 98 118 140 147 151 157 159 167 179 182 184
37 59 61 72 76 103 123 128 131 157 170 174 188 191 194
8 14 15 29 36 38 39 41 51 58 64 70 84 87 97 99 103 104 106 107 116 123 125 129 130 133 138 147 152 159 160 189 190
17 36 44 66 114 124 130 131 151 181
1 33 34 42 45 52 55 57 59 60 65 74 77 83 87 88 112 115 118 127 128 133 139 146 147 157 163 170 180 181 187 193 195
5 21 22 23 26 35 45 49 63 70 75 77 79 86 89 92 96 97 142 144 167 179 183 188
1 4 7 11 27 29 31 37 40 42 47 54 61 64 66 67 70 78 95 96 103 106 108 111 120 121 124 133 142 153 158 164 170 185 186
12 22 38 41 86 88 94 98 138 140 176 182 191
13 15 28 32 33 40 67 75 81 106 113 120 142 177 190 192
3 4 8 18 24 27 31 41 42 46 47 51 55 62 65 67 80 84 85 88 89 96 101 103 106 108 109 115 121 129 145 150 158 169 172
2 5 8 9 10 12 20 23 32 33 38 45 48 64 69 86 92 99 120 138 139 141 146 152 160 163 164 171 173 191 193
3 20 22 39 44 84 105 119 138 186 188 197 199
3 8 12 23 25 43 49 50 52 59 66 78 82 83 89 94 96 103 106 120 122 129 134 136 151 153 171 174 184 190
4 17 19 39 51 58 126 128 143 149 155 162 170
9 16 28 30 35 39 40 48 51 52 65 80 86 93 115 118 119 131 133 159 168 175 178 179 185 189 190 191 197 198
29 44 51 71 94 101 132 143 146 178
3 11 13 18 26 43 64 82 89 97 98 125 151 152 155 159 172 178 187 188
19 51 57 65 76 85 94 106 121 138 158 168
2 20 39 47 48 79 82 87 93 95 99 103 108 117 124 134 135 153 162 174 187 197
13 15 29 62 71 89 123 130 138 150 172
23 26 29 34 38 40 48 71 121 141 166 189
2 6 10 27 28 42 55 62 82 94 126 134 136 149 160 169 184 194
1 3 8 24 29 33 34 36 43 52 68 79 85 90 96 102 106 121 136 137 157 160 162 164 175 185
14 27 54 56 59 63 89 102 117 141 143
2 13 25 31 45 67 69 72 76 82 83 92 93 95 107 122 124 130 142 152 160 161 165 180 181 187 192 195
1 12 16 22 24 25 30 45 51 64 101 109 112 116 117 121 139 141 162 170 182 187 188 196
9 13 18 22 23 31 33 53 56 74 86 97 98 109 125 126 138 142 143 145 146 151 157 169 177 183 188 193 197
5 23 24 35 45 51 52 55 56 58 61 62 71 72 77 80 86 89 90 95 101 102 124 129 135 148 149 159 161 168 170 175 198
7 14 25 42 57 63 97 120 131 145 167
14 19 30 31 34 35 47 65 68 79 85 90 94 96 103 106 114 118 142 146 157 164 171 174 177 181 194
8 14 23 31 32 35 43 51 56 58 75 83 104 108 126 128 130 150 171 174 176 190
7 8 31 34 47 51 58 63 64 65 71 74 81 82 84 91 95 109 124 146 149 150 161 167 169 172 173 191 197 198 200
3 8 22 43 55 64 72 78 79 82 89 92 96 106 110 111 113 115 120 132 136 137 143 147 159 179 184 199
4 52 78 82 110 146 148 154 157 165
2 13 14 19 63 72 87 107 114 131 134 135 147 175 176 185 188 192 200
6 11 13 26 31 52 55 63 65 73 75 79 83 86 89 97 101 102 126 130 131 144 148 149 157 172 177 181 191 193 195 198
8 14 38 41 42 56 59 60 65 79 87 89 96 98 105 108 118 127 132 145 162 164 168 169 170 174 192 198
1 35 79 90 95 103 110 113 131 152 167 173
19 44 47 48 49 56 61 62 68 87 92 93 95 97 117 122 139 147 149 199
10 67 68 122 141 147 149 160 167 180
4 6 15 17 38 41 47 48 66 71 74 78 92 116 119 120 137 138 142 159 163 165 168 171 175 185 189 191 192
63 89 101 131 138 139 149 159 165 182
1 26 44 63 78 82 104 112 116 125 152 198
5 39 41 51 58 60 63 77 81 93 99 109 113 125 131 152 172 173 184 185
24 28 37 45 47 52 54 64 78 93 100 103 115 134 139 142 153 155 157 177 181 187 195 196
8 13 15 18 28 32 34 50 52 67 77 80 81 106 118 163 166 181 189 193 194
14 29 34 57 77 81 83 87 94 105 118 139 159 177 182 184 186 190 195 198
8 18 21 29 30 34 49 55 58 60 72 77 99 100 108 109 111 120 121 133 139 152 156 160 177 189 196
1 16 27 36 58 60 65 70 92 94 111 112 118 119 130 138 139 145 169 173 174 175 179 181 184 197 199
3 6 7 22 46 51 72 75 101 104 110 116 132 139 140 152 155 159 178 200
7 45 51 63 64 66 77 95 96 109 112 117 149 192 193
27 29 30 31 33 46 75 80 83 86 101 158 164 172 174 176 181 187 191
16 37 38 45 65 75 78 91 109 110 128 129 136 147 149 154 156 167 168 180 186 187 192
30 38 59 65 87 101 111 124 126 131 143 147 151 158 160 197
1 9 22 35 43 69 88 90 96 100 101 112 128 132 136 140 141 144 161 168 174 175 182 191
5 20 22 26 28 36 47 72 76 77 85 95 102 110 112 120 139 156 159 160 161 163 187 188
5 8 22 31 34 52 68 112 120 125 129 138 162 194 197 198 200
2 10 19 21 30 31 38 43 65 67 70 75 76 87 94 97 110 120 127 132 135 146 149 166 172 183 195 197 200
22 26 32 36 37 39 40 41 43 54 59 73 91 101 113 124 126 129 165 180
14 50 63 66 81 101 110 111 128 138 199
2 6 16 24 27 29 32 44 45 48 60 63 72 80 96 98 105 115 117 119 121 126 129 147 148 151 155 159 166 172 174
7 53 84 85 98 102 103 118 135 139 147 157 174 189
7 8 9 11 13 31 33 48 49 58 68 71 83 90 95 97 102 105 111 113 114 115 121 122 129 144 148 160
1 3 7 30 32 34 35 42 50 54 55 63 65 66 72 87 88 92 106 110 125 132 146 155 160 163 164 165 170 172 187 198
2 7 15 17 29 30 36 49 58 66 70 82 84 91 108 152 157 161 177 182 190 191 192
21 24 36 50 55 62 71 73 95 102 106 114 123 124 127 128 129 131 132 142 143 156 161 179 186 190 194 199
3 4 19 25 46 79 112 127 152 168 178 183
1 26 28 44 53 59 83 86 91 140 144 156 161 196 197
12 28 62 63 64 91 94 101 113 114 118 119 125 134 149 156 184
3 5 9 26 31 33 38 48 60 73 77 88 90 92 107 114 132 133 135 137 138 143 145 153 154 155 156 160 169 173 174 181 188 192 198
5 30 37 43 55 75 88 101 111 113 119 120 123 125 143 161 166 169 182
5 18 39 69 70 86 90 102 107 120 198 199
13 21 29 51 52 66 105 116 120 123 138 159 169 172 200
4 6 46 48 53 86 105 127 133 135 141 153 158 160 164 167 168 169 177 178 190
22 24 29 53 58 74 79 89 94 96 102 122 133 168 180
2 8 12 23 24 31 38 50 51 58 59 62 69 70 88 94 97 100 109 112 163 174 176 181 185
6 7 8 11 15 25 28 49 57 60 62 67 74 96 102 111 117 119 139 140 146 147 155 177
2 4 7 18 26 43 54 59 60 72 75 76 90 93 108 114 117 119 130 132 136 139 140 141 147 148 163 164 170 184 189 197 199
1 41 42 47 50 58 61 64 78 82 83 91 104 107 120 132 137 139 142 148 151 160 165 176
10 11 16 18 38 43 53 55 62 64 67 77 79 82 84 85 87 90 100 117 142 152 155 161 166 173 175 177 185 189 192 197 200
25 26 31 38 58 73 96 101 115 130 138 176
1 15 17 30 36 41 42 43 50 78 85 86 90 92 101 107 112 122 158 159 161 191 192
10 12 23 36 45 52 54 56 57 64 65 66 71 81 104 107 108 110 117 124 128 135 136 138 165 193 197
22 25 29 57 65 71 77 82 91 107 108 119 125 127 129 144 166 176 194 195 200
23 25 28 34 47 57 63 64 68 71 77 92 99 100 103 109 115 133 135 137 138 145 153 157 159 161 170 184 186 187 199
1 2 7 11 18 22 29 45 46 66 67 75 78 80 97 109 124 128 130 134 135 142 145 152 154 158 164 166 177 182 187 191 197
5 10 31 32 41 47 49 51 67 72 74 76 78 81 83 89 99 102 111 114 120 125 129 150 154 156 161 165 171 173 175 185 186 198
18 32 39 62 64 69 74 81 84 89 106 115 125 135 146 147 179
1 9 10 24 27 36 39 45 55 57 58 64 74 80 85 86 89 112 113 122 128 137 144 146 155 156 157 176 178 199
22 23 30 33 39 41 73 79 90 96 106 108 113 117 127 133 134 144 166 174 176 184 191 197 199
3 6 7 25 32 33 57 66 83 84 95 97 104 113 115 118 136 145 152 156 157 162 168 169 184 187
5 28 38 40 58 59 67 69 76 85 99 114 128 149 151 165 175 179 183 193
6 9 28 31 41 50 63 67 76 86 89 93 95 96 104 112 114 129 136 139 149 154 161 169 183
3 12 13 14 15 18 36 45 47 50 57 67 69 70 72 79 88 89 95 98 102 114 118 119 126 135 143 151 159 163 167 168 187 188 200
17 24 35 89 108 136 140 144 154 165 175
19 27 30 31 87 106 110 116 139 160 199 200
3 4 10 14 16 24 44 48 57 59 64 67 68 82 94 108 118 119 123 137 142 146 148 164 165 179 184 185 192
12 14 17 25 26 33 36 40 44 46 57 60 71 74 79 91 94 95 98 99 107 117 150 156 159 161 162 167 175 178 183 185 190 194 197
1 17 27 29 31 51 60 64 77 83 90 103 105 106 118 131 138 144 177 185
4 11 12 13 17 20 21 31 34 38 39 46 57 62 69 73 81 86 89 98 105 122 130 132 137 139 145 146 152 161 172 177 196
8 16 23 26 30 31 32 42 43 45 54 58 61 63 68 69 84 111 121 136 149 151 163 169 172 174 189
5 7 13 20 23 35 54 64 68 74 85 91 102 107 110 117 118 121 134 153 168 173 174 182
6 21 52 59 62 69 89 102 103 104 117 119 121 136 142 163
21 81 87 89 91 110 112 119 179 181
5 11 14 15 26 80 124 135 140 142 151 152 155 168 188
9 25 33 34 49 60 65 81 90 92 97 98 102 131 134 160 161 164 167 198
6 11 14 19 22 31 36 40 43 45 46 56 98 123 124 144 149 153 164 166 177 178 181 184 189 199
14 15 29 66 69 76 120 136 149 150 153 160 167 171 172 188 198
15 38 40 49 52 72 73 76 80 89 93 95 99 120 122 150 153 156 170 178 181 188 192 196
20 31 33 36 43 47 59 89 92 99 100 107 111 118 125 126 137 141 149 152 154 155 159 172 174 191 193 197
1 2 13 15 16 17 24 31 38 39 58 60 67 70 72 88 134 139 143 148 162 163 168 172 175 178 180 188
2 7 15 18 20 32 37 39 41 58 88 94 126 128 140 144 146 148 149 150 169 172 174 180 182 185 188
11 27 50 55 60 61 69 76 83 94 116 119 125 126 137 143 151 156 167 175 180 183 189
19 22 23 25 39 40 57 72 73 75 82 87 100 111 114 117 119 125 133 135 157 167 168 179 187 192
21 24 33 36 39 45 54 68 72 85 88 90 95 100 102 107 116 122 134 138 152 156 162 167 171 174 188 192
1 4 5 6 13 16 22 23 24 26 30 37 47 49 54 60 71 85 88 95 123 135 140 150 153 163 179 183 185 187 193 197 198
14 43 44 46 60 68 85 86 88 93 96 146 161 187 195
1 6 16 23 24 28 29 46 55 59 66 71 131 150 166 181 194
6 7 22 34 51 52 54 55 59 61 74 77 85 106 108 113 114 124 135 141 142 144 159 188 194
1 16 24 45 48 51 52 55 57 59 64 68 74 82 84 91 98 104 107 111 129 134 139 142 144 146 147 150 162 164 170 171 176 190 198
40 49 50 52 78 83 87 95 99 113 115 143 155 175 177
43 45 49 56 58 68 69 105 106 108 109 138 149 154 159 192 197
7 10 12 17 21 45 48 63 64 71 76 80 85 86 89 104 106 107 120 124 129 139 145 165 171 175 180 184 194 195
34 56 64 99 100 109 118 162 167 168 182
21 33 51 74 76 84 119 126 132 147 159 167 170 171 177 192 196
6 10 31 53 69 91 92 98 105 118 130 145 160 178 187 188 199
26 37 41 52 54 66 71 90 114 116 135 143 173 176 184 192
4 6 14 22 32 34 39 41 68 77 80 82 84 94 98 103 111 115 118 126 130 140 141 143 148 150 153 162 171 173 182 192 195 196 197
12 17 28 33 36 57 68 77 87 95 96 101 102 110 114 124 129 142 143 144 167 168 177 186 189 191 198
20 30 41 59 103 104 124 128 159 200
